"POSITION","REF_CODON","CODON","REF_AA","AA","FWD_CNT","FWD_DENOM","REV_CNT","REV_DENOM","CNT","DENOM","std.bias","id"
17,"CTG","AAC","L","N",0,1412878,22,2081114,22,3493992,5.50211497666325,1025
17,"CTG","ACA","L","T",4,1412878,58,2081114,62,3493992,4.17867644623651,1028
17,"CTG","ACC","L","T",4,1412878,57,2081114,61,3493992,4.1450202248002,1029
17,"CTG","AGT","L","S",4,1412878,55,2081114,59,3493992,4.07598878146127,1035
17,"CTG","GGA","L","G",1,1412878,31,2081114,32,3493992,4.78064351086702,1064
17,"CTG","GGC","L","G",5,1412878,67,2081114,72,3493992,4.09926054576069,1065
17,"CTG","GGT","L","G",0,1412878,25,2081114,25,3493992,5.74643241354902,1067
17,"CTG","TAT","L","Y",1,1412878,32,2081114,33,3493992,4.8416858865369,1075
17,"CTG","TCC","L","S",1,1412878,33,2081114,34,3493992,4.9009341992913,1077
17,"CTG","TGA","L",".",3,1412878,57,2081114,60,3493992,4.58558747864939,1080
17,"CTG","TGC","L","C",4,1412878,87,2081114,91,3493992,4.96980658970668,1081
25,"ATT","GTC","I","V",0,206104,89,2434278,89,2640382,4.0794203008018,1575
73,"GTA","CAC","V","H",10,917959,0,751330,10,1669289,4.40767503312053,4603
73,"GTA","GCG","V","A",0,917959,7,751330,7,1669289,4.16929849045236,4622
106,"GTA","AAA","V","K",4,904679,36,772428,40,1677107,4.01618023929666,6688
114,"AGT","TGC","S","C",4,877649,61,854862,65,1732511,5.04154244686694,7257
120,"GAC","CGT","D","R",4,905778,43,926524,47,1832302,4.31793374944484,7611
126,"GAC","CAA","D","Q",5,930472,71,937593,76,1868065,4.96219778835923,7984
128,"GCC","AGT","A","S",7,951906,93,952370,100,1904276,4.93476873419525,8107
128,"GCC","TTT","A","F",5,951906,54,952370,59,1904276,4.44282397463105,8159
129,"ACA","CTA","T","L",9,946081,93,950900,102,1896981,4.48316264639003,8187
132,"TTC","TCG","F","S",2,937210,23,955087,25,1892297,4.13736675920033,8405
136,"GAC","CAT","D","H",0,939109,11,898844,11,1837953,4.97615212947538,8626
140,"TGG","AGC","W","S",0,951526,7,913612,7,1865138,4.17318458526542,8869
151,"CTG","CAT","L","H",9,910799,0,936747,9,1847546,4.61457517855118,9571
155,"TTG","TGA","L",".",0,880175,7,930968,7,1811143,4.06443851303314,9861
165,"ATG","AGC","M","S",1,754894,23,930278,24,1685172,4.56270963745137,10449
184,"TCT","TTG","S","L",0,732703,8,875506,8,1608209,4.05590759800356,11706
189,"GGA","AGT","G","S",0,773687,10,824157,10,1597844,4.67906387538529,11968
189,"GGA","GAC","G","D",8,773687,90,824157,98,1597844,4.51224651995366,11990
190,"TGC","AGA","C","R",2,785985,22,811837,24,1597822,4.03017860536505,12029
193,"GTA","GCA","V","A",82,800396,2466,803068,2548,1603464,6.78446131224561,12249
195,"TGT","GGC","C","G",13,793226,103,796187,116,1589413,4.02172026085829,12382
200,"GAG","TAA","E",".",0,778435,8,773773,8,1552208,4.40657229053149,12709
222,"AAG","GCT","K","A",0,720616,8,790612,8,1511228,4.22392141542913,14091
255,"ATT","AAG","I","K",7,699695,0,732483,7,1432178,4.17303962092963,16135
257,"CCC","ATA","P","I",0,712163,7,746499,7,1458662,4.08188626739035,16272
276,"ACC","AGG","T","R",19,740933,1,756924,20,1497857,4.61470727683289,17478
279,"GTA","AGA","V","R",0,780522,7,730832,7,1511354,4.17248879328722,17667
279,"GTA","ATG","V","M",0,780522,7,730832,7,1511354,4.17248879328722,17673
288,"AAC","AGT","N","S",11,814339,0,706221,11,1520560,4.69408020974595,18236
292,"CTA","CAA","L","Q",46,860652,2,684271,48,1544923,5.050684856328,18494
295,"ATC","TCT","I","S",0,874274,8,678554,8,1552828,4.40185863507602,18724
363,"ACA","TTG","T","L",15,876202,1,887323,16,1763525,4.17400230086133,23073
368,"ATA","ACA","I","T",7,905185,194,734513,201,1639698,6.38820616809229,23328
368,"ATA","AGA","I","R",15,905185,5570,734513,5585,1639698,11.7054876009409,23332
368,"ATA","ATC","I","I",1,905185,16,734513,17,1639698,4.28906183829101,23337
378,"ATA","GTC","I","V",1,925804,17,809002,18,1734806,4.40383296190574,24008
382,"GAC","CAA","D","Q",13,953179,0,789015,13,1742194,4.90757149389094,24235
407,"AAC","GGG","N","G",7,954498,0,914929,7,1869427,4.0909850543773,25841
444,"GGC","CCA","G","P",0,840412,9,939910,9,1780322,4.39383836990841,28169
449,"ACG","GCC","T","A",0,865900,7,917684,7,1783584,4.06017430262928,28505
458,"GCT","CTA","A","L",9,836301,0,858753,9,1695054,4.61460823973007,29069
466,"TAC","GTC","Y","V",0,821677,8,850327,8,1672004,4.3388780219396,29597
515,"GAG","CAT","E","H",0,728931,8,814255,8,1543186,4.18834876187854,32694
516,"TAT","TCT","Y","S",44,738363,3,829696,47,1568059,4.84697339042853,32792
557,"TTG","AAA","L","K",0,712008,7,751113,7,1463121,4.06925180553033,35341
560,"ACT","CCT","T","P",457,701020,29,713037,486,1414057,5.45547681262017,35549
561,"CCT","TGC","P","C",0,736463,7,699356,7,1435819,4.17287662791537,35645
564,"TCG","AGC","S","S",0,768343,7,705739,7,1474082,4.17197932769878,35789
570,"CAG","CCG","Q","P",570,761726,33,668541,603,1430267,5.38729247800162,36184
592,"CCA","TTC","P","F",0,829987,8,691723,8,1521710,4.40298607808354,37618
598,"ATA","AGA","I","R",10,848094,323,723059,333,1571153,6.76653325277958,37947
600,"GCA","CTC","A","L",8,838319,0,761466,8,1599785,4.21714844318646,38095
615,"GGT","CCT","G","P",0,771650,8,835360,8,1607010,4.25018693352686,38934
617,"ACT","CTT","T","L",0,752161,11,840880,11,1593041,4.75549893613281,39063
646,"TTT","ATT","F","I",53,771476,3,792581,56,1564057,5.21056354386787,40894
652,"TCA","AAA","S","K",0,751546,10,796660,10,1548206,4.68844968119916,41261
662,"TTA","CGT","L","R",0,766700,8,793517,8,1560217,4.3386958291303,41923
671,"AGG","CTA","R","L",14,780464,1,784450,15,1564914,4.04724625075692,42499
674,"CTA","TCG","L","S",14,786012,1,784951,15,1570963,4.04453387410677,42717
693,"ACT","CAA","T","Q",8,828144,0,719502,8,1547646,4.12944938385082,43888
701,"AAC","GAA","N","E",22,866081,1,781623,23,1647704,4.68882440358438,44414
706,"ATC","GAC","I","D",17,854842,1,785589,18,1640431,4.24028896636061,44735
710,"CAA","AAT","Q","N",0,847759,7,809089,7,1656848,4.17301957524313,44961
713,"TAT","CTC","Y","L",0,844770,7,805441,7,1650211,4.17298638046996,45178
726,"TCA","AAA","S","K",37,811746,4,818541,41,1630287,4.07316989402639,45972
731,"ACA","AAC","T","N",45,752995,1,842037,46,1595032,6.27249815911937,46291
734,"AAT","CGA","N","R",0,728211,8,888079,8,1616290,4.01562589983185,46505
737,"GTG","CAT","V","H",9,690863,0,870337,9,1561200,4.61144961143446,46692
762,"TTC","TCA","F","S",8,579703,0,810197,8,1389900,4.40075034949879,48308
783,"ATG","AAC","M","N",17,1026250,0,600300,17,1626550,4.71805273750545,49586
783,"ATG","TTC","M","F",19,1026250,0,600300,19,1626550,4.92707514139565,49646
788,"GCA","CTG","A","L",32,1155988,1,568105,33,1724093,4.20129492717193,49933
805,"ATC","ACC","I","T",320,2119502,5,327128,325,2446630,4.23720911250144,50990
817,"CCT","ACG","P","T",92,2458779,0,201426,92,2660205,4.07852044273875,51754
826,"GAG","ACA","E","T",30,2258963,1,1414842,31,3673805,4.5567225967656,52327
826,"GAG","ACT","E","T",23,2258963,1,1414842,24,3673805,4.05184717740599,52330
826,"GAG","ATT","E","I",23,2258963,0,1414842,23,3673805,5.42501306947581,52338
826,"GAG","CCA","E","P",53,2258963,3,1414842,56,3673805,4.28375677224316,52343
826,"GAG","CGC","E","R",33,2258963,1,1414842,34,3673805,4.73969708057663,52348
826,"GAG","CTC","E","L",90,2258963,6,1414842,96,3673805,4.20935676007644,52352
826,"GAG","TTA","E","L",20,2258963,0,1414842,20,3673805,5.15929784787233,52383
827,"AAG","AGG","K","R",813,2163415,71,1480035,884,3643450,4.10786756522792,52397
