"POSITION","REF_CODON","CODON","REF_AA","AA","FWD_CNT","FWD_DENOM","REV_CNT","REV_DENOM","CNT","DENOM","std.bias","id"
17,"CTG","ACC","L","T",1,894876,51,1083310,52,1978186,6.13798685292162,1020
17,"CTG","AGT","L","S",1,894876,30,1083310,31,1978186,5.10738251395484,1026
17,"CTG","GAA","L","E",0,894876,19,1083310,19,1978186,5.61474710885089,1047
17,"CTG","GAC","L","D",0,894876,19,1083310,19,1978186,5.61474710885089,1048
17,"CTG","GCC","L","A",6,894876,61,1083310,67,1978186,4.00055572943149,1052
17,"CTG","GGA","L","G",1,894876,17,1083310,18,1978186,4.03197973217096,1055
17,"CTG","TCT","L","S",2,894876,26,1083310,28,1978186,4.03197973217096,1070
17,"CTG","TTA","L","L",2,894876,34,1083310,36,1978186,4.54379364809892,1075
25,"ATT","CTG","I","L",0,148949,65,1284862,65,1433811,4.08658797082582,1499
45,"GAT","CCG","D","P",1,372986,43,1012974,44,1385960,4.19913074451479,2726
57,"GTG","CGT","V","R",1,460658,49,815826,50,1276484,5.3000140346639,3469
67,"GCT","TGA","A",".",1,522215,19,616775,20,1138990,4.28603565908275,4105
71,"CCC","CAT","P","H",4,556034,48,565222,52,1121256,4.54501700442604,4321
71,"CCC","CGG","P","R",2,556034,42,565222,44,1121256,5.29975641606217,4328
71,"CCC","GTC","P","V",0,556034,18,565222,18,1121256,5.86130499187086,4346
71,"CCC","TGC","P","C",0,556034,17,565222,17,1121256,5.75349567682436,4358
71,"CCC","TTC","P","F",0,556034,13,565222,13,1121256,5.25293597555106,4362
72,"ACA","AGT","T","S",1,569052,49,557811,50,1126863,6.43928703865585,4376
73,"GTA","ACG","V","T",0,576435,9,544245,9,1120680,4.61404387380283,4428
73,"GTA","GCG","V","A",0,576435,10,544245,10,1120680,4.8031298081073,4449
75,"GAG","ATA","E","I",1,579567,16,519969,17,1099536,4.29121177270258,4544
80,"GAC","CAG","D","Q",0,575732,7,472250,7,1047982,4.16934483033005,4860
81,"AGG","GCA","R","A",2,575939,23,464087,25,1040026,4.16897243488624,4940
91,"ACC","TCT","T","S",2,591953,23,471702,25,1063655,4.16875778126998,5575
93,"ACG","GAT","T","D",0,595256,7,481684,7,1076940,4.16905499130141,5677
93,"ACG","GTA","T","V",2,595256,23,481684,25,1076940,4.16905499130141,5686
97,"TGC","CAC","C","H",0,580769,23,491822,23,1072591,6.35735183025712,5911
97,"TGC","GAG","C","E",8,580769,0,491822,8,1072591,4.07896186607628,5927
98,"GCC","AGG","A","R",0,586147,10,495767,10,1081914,4.80168585203689,5964
98,"GCC","CCA","A","P",1,586147,17,495767,18,1081914,4.40324295430571,5973
99,"AAC","GCG","N","A",1,579439,15,492359,16,1071798,4.17010168737027,6047
101,"GTG","GAT","V","D",1,564090,19,493086,20,1057176,4.61277532675283,6165
105,"GGA","TAA","G",".",1,537477,18,479490,19,1016967,4.51135631409199,6421
105,"GGA","TTA","G","L",0,537477,8,479490,8,1016967,4.40421881551314,6433
106,"GTA","GCT","V","A",1,520374,16,482179,17,1002553,4.29193871357599,6472
107,"TGG","GGT","W","G",0,523931,19,506688,19,1030619,5.99379838344526,6533
109,"GAT","AGC","D","S",5,507659,62,506984,67,1014643,4.71174410287982,6621
109,"GAT","ATC","D","I",1,507659,23,506984,24,1014643,4.97670626135564,6625
110,"TAT","CGC","Y","R",1,500623,24,517792,25,1018415,4.99181917362652,6696
110,"TAT","GCA","Y","A",11,500623,0,517792,11,1018415,4.97629023308986,6707
110,"TAT","GGC","Y","G",4,500623,38,517792,42,1018415,4.05920633038638,6712
113,"GAT","TTG","D","L",1,492072,23,509283,24,1001355,4.90934534812604,6916
115,"GAG","AGC","E","S",0,501629,7,536141,7,1037770,4.04460883928728,6983
115,"GAG","GCT","E","A",2,501629,28,536141,30,1037770,4.41755806466396,7012
117,"ACA","AAC","T","N",1,496100,44,551205,45,1047305,6.02040024625512,7096
117,"ACA","AGT","T","S",4,496100,40,551205,44,1047305,4.01737049438979,7106
120,"GAC","ATA","D","I",8,514252,0,565779,8,1080031,4.40459592531868,7294
120,"GAC","GTG","D","V",0,514252,14,565779,14,1080031,5.23039323567862,7322
121,"CAA","AGA","Q","R",3,521510,48,543023,51,1064533,4.9384830043972,7346
122,"CCG","CTA","P","L",6,524932,71,542915,77,1067847,4.60510789053021,7428
122,"CCG","TCT","P","S",0,524932,16,542915,16,1067847,5.60366282139048,7453
122,"CCG","TGC","P","C",1,524932,15,542915,16,1067847,4.10898881835431,7455
124,"CAA","AAC","Q","N",3,529258,30,554851,33,1084109,4.01971455580549,7525
126,"GAC","ACA","D","T",0,531175,11,549526,11,1080701,4.90937130700538,7646
126,"GAC","GTT","D","V",0,531175,8,549526,8,1080701,4.339728527581,7683
126,"GAC","TGC","D","C",4,531175,41,549526,45,1080701,4.20367032348796,7691
127,"GTT","GAC","V","D",0,535901,7,550253,7,1086154,4.12311076095653,7730
128,"GCC","CAA","A","Q",3,545455,33,554883,36,1100338,4.26133668097196,7775
128,"GCC","TGC","A","C",7,545455,59,554883,66,1100338,4.01501401446236,7814
129,"ACA","GAA","T","E",0,542084,9,554630,9,1096714,4.57005535458263,7853
130,"TGT","GCT","C","A",0,539133,12,552719,12,1091852,5.08633449930769,7917
131,"AGG","GAA","R","E",2,540430,37,545775,39,1086205,5.06479009301478,7974
133,"TAT","TTC","Y","F",2,538110,22,539981,24,1078091,4.08410989547956,8119
135,"CTT","TCA","L","S",0,529448,7,537113,7,1066561,4.14604135365583,8229
136,"GAC","CGC","D","R",4,541820,36,502554,40,1044374,4.01854086301492,8263
136,"GAC","GTT","D","V",0,541820,22,502554,22,1044374,6.27261261225825,8284
138,"GTG","TGG","V","W",1,546300,22,500316,23,1046616,4.89101726889126,8407
149,"TGG","AGA","W","R",8,548594,0,511073,8,1059667,4.26654200789778,8915
152,"CCC","CGG","P","R",7,519966,0,524322,7,1044288,4.17413172527141,9104
155,"TTG","GAG","L","E",0,506723,7,521992,7,1028715,4.11632579575097,9282
157,"AAC","TGT","N","C",3,492511,34,512307,37,1004818,4.27332287093795,9423
159,"GGA","AAC","G","N",0,471966,14,515831,14,987797,5.24406057655179,9492
159,"GGA","GAT","G","D",0,471966,10,515831,10,987797,4.62827759001487,9521
159,"GGA","TCT","G","S",0,471966,10,515831,10,987797,4.62827759001487,9539
161,"TTT","CAC","F","H",11,464862,98,518752,109,983614,4.01998792897207,9610
163,"CAG","TTG","Q","L",2,447513,33,529762,35,977275,4.52955424532837,9760
166,"CAG","ACT","Q","T",6,436944,89,544356,95,981300,4.67900759148767,9885
166,"CAG","TTG","Q","L",3,436944,61,544356,64,981300,5.04998701040491,9940
168,"CAC","TTG","H","L",1,426697,31,533981,32,960678,5.10318974561523,10053
169,"TAC","CTA","Y","L",0,428673,15,536577,15,965250,5.1034394687427,10081
170,"TTA","ACC","L","T",15,428173,176,525523,191,953696,4.41024299781676,10121
170,"TTA","ATC","L","I",2,428173,43,525523,45,953696,4.96902319735545,10129
172,"CGA","TTC","R","F",0,429789,74,520678,74,950467,8.25332063995403,10295
176,"ACC","ATT","T","I",1,442996,17,525624,18,968620,4.0701245042471,10484
176,"ACC","TGT","T","C",0,442996,9,525624,9,968620,4.27759596154942,10528
178,"CAT","CAG","H","Q",0,440691,9,504138,9,944829,4.35037723088927,10605
178,"CAT","TCG","H","S",4,440691,42,504138,46,944829,4.05326371034246,10637
179,"GTG","GAG","V","E",33,440144,547,510616,580,950760,5.27005296570595,10674
183,"GCA","ATA","A","I",0,434497,9,501401,9,935898,4.33198989852462,10863
184,"TCT","CCA","S","P",1,433239,16,502093,17,935332,4.00372091517582,10921
185,"AAG","TGA","K",".",0,440135,35,498471,35,938606,6.91940589688206,11002
186,"TTC","ATA","F","I",0,444658,15,499076,15,943734,5.31990039473091,11014
186,"TTC","CAC","F","H",0,444658,16,499076,16,943734,5.44059073841561,11016
186,"TTC","GAC","F","D",1,444658,57,499076,58,943734,6.50590506348817,11028
186,"TTC","TCT","F","S",0,444658,10,499076,10,943734,4.57595804855548,11045
187,"CAC","GTG","H","V",0,446474,24,501739,24,948213,6.20649004916058,11088
188,"CAA","GAT","Q","D",8,453747,0,494049,8,947796,4.40480930502507,11128
189,"GGA","AGG","G","R",4,459537,47,475104,51,934641,4.46883537433334,11154
189,"GGA","GAT","G","D",0,459537,11,475104,11,934641,4.91098810625348,11178
190,"TGC","AAA","C","K",1,466850,17,465940,18,932790,4.40657249664056,11204
190,"TGC","ACC","C","T",14,466850,171,465940,185,932790,4.88637441073731,11209
190,"TGC","AGA","C","R",3,466850,32,465940,35,932790,4.23483764785238,11211
190,"TGC","AGT","C","S",3,466850,77,465940,80,932790,5.94342376632659,11214
190,"TGC","CGA","C","R",2,466850,22,465940,24,932790,4.0904326725752,11227
190,"TGC","CGT","C","R",1,466850,32,465940,33,932790,5.61034309070474,11230
190,"TGC","GCC","C","A",9,466850,105,465940,114,932790,4.73046244412208,11239
190,"TGC","GGA","C","G",10,466850,88,465940,98,932790,4.19646148184231,11242
190,"TGC","GGT","C","G",6,466850,100,465940,106,932790,5.34315516277779,11245
190,"TGC","GTC","C","V",8,466850,72,465940,80,932790,4.20137504453763,11247
190,"TGC","TAA","C",".",2,466850,21,465940,23,932790,4.00306490926258,11250
190,"TGC","TCT","C","S",0,466850,8,465940,8,932790,4.40657249664056,11257
191,"TTG","TAG","L",".",6,483447,58,466058,64,949505,4.27621731513894,11309
192,"CTA","CGA","L","R",2,480081,35,463267,37,943348,4.97625595264648,11345
192,"CTA","TGA","L",".",0,480081,8,463267,8,943348,4.40587421997123,11374
193,"GTA","GCA","V","A",109,476851,5059,457557,5168,934408,7.65770841177053,11417
197,"CCG","GTC","P","V",9,472754,85,447904,94,920658,4.31557894408379,11663
207,"GAC","TGC","D","C",0,467828,20,451659,20,919487,6.09115635514871,12209
219,"GAT","TCC","D","S",0,438543,18,475047,18,913590,5.73217899000885,12860
225,"GCG","CTA","A","L",0,437801,17,477276,17,915077,5.61172286301444,13133
226,"GAC","GGT","D","G",8,432291,0,477786,8,910077,4.40450560237202,13197
231,"TCC","ATC","S","I",1,432597,33,481695,34,914292,5.45616514268835,13417
237,"GTA","AAA","V","K",7,445057,0,472930,7,917987,4.17262751539183,13757
237,"GTA","ACC","V","T",2,445057,33,472930,35,917987,4.74288977629414,13762
237,"GTA","AGC","V","S",0,445057,7,472930,7,917987,4.05501206025659,13765
240,"GTG","TGG","V","W",8,438798,80,462298,88,901096,4.30368510172604,13986
243,"AAT","CCT","N","P",12,440422,144,459700,156,900122,4.74724347617294,14126
248,"GTG","AAG","V","K",1,437491,14,430387,15,867878,4.04686731448723,14400
255,"ATT","GCA","I","A",0,434801,21,434826,21,869627,6.18398353443519,14815
261,"ATC","ACT","I","T",2,445930,29,441698,31,887628,4.61493207266586,15124
262,"AAC","GAT","N","D",0,450078,7,450658,7,900736,4.17200084809052,15212
267,"AAT","GTA","N","V",0,460973,8,456945,8,917918,4.40650559094063,15505
268,"AGT","GTA","S","V",3,462238,83,455993,86,918231,6.09124849128935,15561
271,"ATT","CAT","I","H",1,466180,14,447674,15,913854,4.04606272098444,15713
271,"ATT","GTG","I","V",1,466180,25,447674,26,913854,5.13533898770437,15734
271,"ATT","TTT","I","F",0,466180,9,447674,9,913854,4.61434706484808,15750
275,"TAC","CGG","Y","R",7,469672,0,462966,7,932638,4.14586353986879,15930
285,"TTT","TAA","F",".",10,497881,0,423422,10,921303,4.48312858600477,16472
304,"CCT","CTC","P","L",11,540558,0,424436,11,964994,4.49727015322934,17551
312,"ATT","CCA","I","P",0,519618,9,473031,9,992649,4.6134243758275,18005
313,"ACG","GGT","T","G",8,521443,0,469661,8,991104,4.20043577462566,18080
317,"GCC","AGC","A","S",7,508348,0,481506,7,989854,4.06743235995519,18294
322,"GAG","AAT","E","N",0,503459,10,489937,10,993396,4.80358715868859,18586
322,"GAG","TTC","E","F",0,503459,12,489937,12,993396,5.13548707908089,18640
324,"AAT","AGC","N","S",2,492337,28,476802,30,969139,4.54735375702733,18714
334,"TTA","CCA","L","P",0,469582,7,505491,7,975073,4.02988306090508,19313
338,"AAT","CAG","N","Q",7,491695,0,506914,7,998609,4.17347791645218,19561
339,"ACT","AAG","T","K",0,493791,7,513327,7,1007118,4.10059869794437,19607
339,"ACT","ATG","T","M",1,493791,30,513327,31,1007118,5.41117062292221,19619
339,"ACT","TGT","T","C",6,493791,230,513327,236,1007118,6.9190185742157,19663
364,"CCA","GAA","P","E",8,538188,0,542011,8,1080199,4.40654767660926,21091
368,"ATA","AGA","I","R",9,556323,556,494658,565,1050981,8.04021453639653,21245
369,"CCT","TAC","P","Y",0,558406,9,519188,9,1077594,4.61377822773195,21337
377,"GAA","AGA","E","R",9,561521,0,509324,9,1070845,4.42207588898382,21757
443,"TCA","CGT","S","R",8,525739,0,572827,8,1098566,4.40479635015306,25461
446,"ATA","AAT","I","N",9,530737,0,571206,9,1101943,4.61376487537126,25586
488,"TGG","ACC","W","T",8,505800,0,515270,8,1021070,4.40627244627922,27933
496,"TGC","TCA","C","S",0,495106,7,518673,7,1013779,4.0827888085714,28450
500,"ATA","CGG","I","R",0,479424,10,517675,10,997099,4.65200683584465,28649
507,"CAC","GTC","H","V",0,470351,12,540901,12,1011252,4.85845596647237,29063
513,"TCA","AAT","S","N",344,462819,13,507944,357,970763,6.41033638531812,29355
515,"GAG","AGT","E","S",0,448051,8,505476,8,953527,4.16908299290433,29481
521,"TTT","CAT","F","H",3,444016,33,494705,36,938721,4.08116640112945,29821
541,"TAC","CAA","Y","Q",9,442801,0,517251,9,960052,4.6124728433859,30920
550,"AAT","AAG","N","K",0,421595,9,508976,9,930571,4.2428563150481,31390
557,"TTG","ATT","L","I",0,429951,7,466114,7,896065,4.0155156178405,31784
559,"GAC","ACG","D","T",9,438234,0,456851,9,895085,4.61432873705052,31881
569,"TTC","CTA","F","L",9,472473,0,420189,9,892662,4.38291201382112,32481
570,"CAG","TGC","Q","C",17,464922,1,412205,18,877127,4.16948150017472,32568
572,"CCA","TGA","P",".",0,463858,10,415938,10,879796,4.80241259328707,32671
573,"GTG","TGC","V","C",8,480490,0,413541,8,894031,4.11073708545294,32731
578,"ACA","CCT","T","P",11,492934,0,414585,11,907519,4.63335666700598,32995
592,"CCA","GCC","P","A",1,484516,15,415526,16,900042,4.17030977095455,33787
593,"ACC","GAG","T","E",31,492818,1,414463,32,907281,5.20448993767415,33840
602,"ACT","ACA","T","T",10,485417,0,447383,10,932800,4.64228046989937,34284
609,"ACG","CCG","T","P",1,470874,14,476784,15,947658,4.02294081987376,34540
610,"TCA","GCA","S","A",0,469763,9,476553,9,946316,4.58683325886151,34572
613,"GTG","GAT","V","D",29,460180,0,484356,29,944536,6.80339714021093,34650
622,"CAC","ACC","H","T",62,439306,5,494083,67,933389,4.70989336832541,35002
623,"GTT","TCG","V","S",9,434808,0,498744,9,933552,4.61273812433674,35099
624,"AAG","TCC","K","S",0,433254,8,495187,8,928441,4.14344695402322,35152
627,"CAT","AAC","H","N",0,447567,8,491783,8,939350,4.22107998575871,35278
648,"GAG","CGC","E","R",0,461059,8,472618,8,933677,4.35754503363941,36461
649,"TAT","CGA","Y","R",16,457577,0,483145,16,940722,5.6695254767259,36516
652,"TCA","CCT","S","P",21,456430,1,481151,22,937581,4.80319840606547,36691
657,"TAT","TCG","Y","S",10,469129,0,482405,10,951534,4.80357459916299,36985
666,"CAA","ACC","Q","T",13,458973,0,499311,13,958284,5.28241622480459,37437
669,"CAA","TTA","Q","L",28,472948,2,489447,30,962395,4.54730716644512,37656
677,"TTT","TGT","F","C",0,492222,7,448873,7,941095,4.17179097337728,38113
683,"GAC","TGG","D","W",9,492473,0,428830,9,921303,4.3413178991071,38444
692,"AGT","TTG","S","L",11,482468,0,437276,11,919744,4.78160060883942,38933
702,"CAA","TTA","Q","L",7,501074,0,474322,7,975396,4.06644911770615,39506
702,"CAA","TTC","Q","F",7,501074,0,474322,7,975396,4.06644911770615,39507
704,"GCA","AGT","A","S",15,497126,1,485279,16,982405,4.12733240578096,39579
706,"ATC","CAT","I","H",0,497667,7,475128,7,972795,4.17302264222394,39705
714,"GTA","AGC","V","S",10,481690,0,492425,10,974115,4.80366472500759,40129
715,"CCA","TCG","P","S",0,475573,7,501552,7,977125,4.0698300047872,40218
725,"GAT","AAC","D","N",7,475261,0,482655,7,957916,4.17391642826187,40700
726,"TCA","CGA","S","R",9,476715,0,490227,9,966942,4.61457962738747,40773
726,"TCA","GGC","S","G",9,476715,0,490227,9,966942,4.61457962738747,40787
727,"TAC","GCA","Y","A",17,467257,1,488458,18,955715,4.40568012822034,40838
728,"GTG","ACA","V","T",17,457820,0,498954,17,956774,5.78333775741569,40865
728,"GTG","TCC","V","S",9,457820,0,498954,9,956774,4.61355122182394,40902
729,"TGG","GAT","W","D",17,455604,1,507927,18,963531,4.40432871071161,40934
732,"TCT","CCG","S","P",23,433607,2,516778,25,950385,4.16982003939699,41082
732,"TCT","CCT","S","P",22,433607,1,516778,23,950385,4.89000175152869,41083
734,"AAT","ACA","N","T",10,430448,0,531343,10,961791,4.80119723238716,41181
734,"AAT","GTT","N","V",20,430448,1,531343,21,961791,4.70868282297558,41216
736,"AGT","CAT","S","H",35,414838,2,524340,37,939178,4.97414883757032,41309
738,"TTT","CGG","F","R",10,406198,0,519527,10,925725,4.8008268608496,41423
738,"TTT","TTG","F","L",12,406198,0,519527,12,925725,5.13350717455624,41454
744,"GCC","AGC","A","S",8,378923,0,510839,8,889762,4.40121850560937,41771
749,"TCC","TGA","S",".",0,354035,10,531184,10,885219,4.00255480615749,42118
762,"TTC","CAC","F","H",11,376658,0,499009,11,875667,4.9737622253063,42775
768,"GAA","ACA","E","T",14,421641,0,458056,14,879697,5.41985771145526,43086
768,"GAA","TAG","E",".",8,421641,0,458056,8,879697,4.40485146473755,43122
770,"TCC","CCG","S","P",18,435354,1,446829,19,882183,4.5130433320349,43212
771,"AGG","GCC","R","A",7,442217,0,437563,7,879780,4.15378391929113,43288
773,"GGA","TTT","G","F",9,452229,0,411606,9,863835,4.42929026887232,43425
781,"AAC","ATA","N","I",23,604784,1,387574,24,992358,4.09732203233943,43830
783,"ATG","AAC","M","N",13,635573,0,377424,13,1012997,4.25089318145525,43944
784,"GGC","ATG","G","M",12,656051,0,369809,12,1025860,4.00209269315329,44017
786,"CTA","ACG","L","T",24,668752,0,360002,24,1028754,5.20472963815355,44126
787,"TAT","TTA","Y","L",14,671543,0,359855,14,1031398,4.18387178012605,44235
803,"ATT","TGC","I","C",38,1124741,0,232042,38,1356783,4.1864535742709,45204
826,"GAG","AGT","E","S",14,1157727,0,845174,14,2002901,4.79548061005129,46563
826,"GAG","CCT","E","P",25,1157727,1,845174,26,2002901,4.51201454665386,46575
826,"GAG","CGC","E","R",20,1157727,0,845174,20,2002901,5.46436770833455,46577
826,"GAG","TGA","E",".",22,1157727,1,845174,23,2002901,4.26985539231117,46608
826,"GAG","TGC","E","C",12,1157727,0,845174,12,2002901,4.51201454665386,46609
826,"GAG","TTA","E","L",18,1157727,0,845174,18,2002901,5.26513885923395,46612
827,"AAG","AGG","K","R",1418,1110340,56,879475,1474,1989815,5.96778522246732,46626
828,"GCA","TGG","A","W",0,1005710,11,927452,11,1933162,4.97570078931725,46737
833,"TTC","CGT","F","R",14,809478,1,1247123,15,2056601,4.03725714608744,47021
835,"CCC","TAT","P","Y",8,658418,0,1429066,8,2087484,4.39706257962306,47171
836,"AGC","AAA","S","K",15,583788,1,1538049,16,2121837,4.16112633347533,47184
836,"AGC","TAC","S","Y",8,583788,0,1538049,8,2121837,4.39622201626562,47233
847,"ACA","CGC","T","R",0,53565,357,2200652,357,2254217,4.3467568044155,47908
848,"ATG","TCC","M","S",0,42554,391,2210281,391,2252835,4.05968472416124,48000
