"POSITION","REF_CODON","CODON","REF_AA","AA","FWD_CNT","FWD_DENOM","REV_CNT","REV_DENOM","CNT","DENOM","std.bias","id"
4,"CAA","AGT","Q","S",47,2358232,0,468955,47,2827187,4.5195036384355,204
14,"GAG","GGC","E","G",5,1386026,49,1201146,54,2587172,4.25126943353085,872
15,"ACC","TTA","T","L",10,1303705,88,1257170,98,2560875,4.19555057409824,954
16,"AGG","TAA","R",".",4,1241298,56,1316753,60,2558051,4.75807117923273,1006
17,"CTG","AAC","L","N",2,1159858,78,1341376,80,2501234,6.25406143607176,1023
17,"CTG","ACA","L","T",0,1159858,8,1341376,8,2501234,4.121271897042,1026
17,"CTG","ACC","L","T",3,1159858,78,1341376,81,2501234,5.68019155279659,1027
17,"CTG","AGA","L","R",1,1159858,19,1341376,20,2501234,4.32890563297891,1030
17,"CTG","GAA","L","E",1,1159858,28,1341376,29,2501234,5.06509644225465,1054
17,"CTG","GCA","L","A",0,1159858,15,1341376,15,2501234,5.26084769480115,1058
17,"CTG","GCT","L","A",0,1159858,8,1341376,8,2501234,4.121271897042,1061
17,"CTG","GGT","L","G",0,1159858,8,1341376,8,2501234,4.121271897042,1065
17,"CTG","TAA","L",".",1,1159858,18,1341376,19,2501234,4.22774212160517,1070
17,"CTG","TAC","L","Y",0,1159858,26,1341376,26,2501234,6.30397026356952,1071
17,"CTG","TCA","L","S",0,1159858,8,1341376,8,2501234,4.121271897042,1074
17,"CTG","TGA","L",".",3,1159858,42,1341376,45,2501234,4.47177019777676,1078
32,"TAT","GAT","Y","D",0,264726,48,1482425,48,1747151,4.35126379157587,2000
49,"GAC","GGA","D","G",0,457689,23,1206965,23,1664654,4.42865811089545,3085
54,"ACA","GCT","T","A",0,504152,16,1095324,16,1599476,4.13104194025358,3400
55,"GAA","TAG","E",".",0,517452,50,1062623,50,1580075,6.42660707269738,3475
56,"CCA","GCT","P","A",0,524803,25,1045143,25,1569946,5.14514652674612,3527
56,"CCA","GGC","P","G",6,524803,117,1045143,123,1569946,4.28650607447915,3529
58,"AAA","AGC","K","S",0,559187,33,993185,33,1552372,5.9068302800674,3622
58,"AAA","CAG","K","Q",0,559187,24,993185,24,1552372,5.29416980242929,3630
59,"GAT","TGT","D","C",0,566023,21,965640,21,1531663,5.12029526618986,3733
62,"ATT","ATG","I","M",3,595902,68,892568,71,1488470,4.89538433783836,3880
72,"ACA","CAA","T","Q",0,669878,14,710175,14,1380053,5.30454623839538,4510
73,"GTA","GCG","V","A",0,679297,12,694826,12,1374123,5.09075826384928,4586
93,"ACG","TGC","T","C",2,700737,42,584589,44,1285326,5.32855678103005,5874
94,"ACT","GAG","T","E",1,698010,25,589066,26,1287076,5.13410183868334,5914
98,"GCC","ATA","A","I",17,695322,0,602730,17,1298052,5.49866619930338,6147
100,"GTG","ACT","V","T",11,674538,0,598835,11,1273373,4.74095980108185,6267
103,"GGC","GCA","G","A",3,661603,54,589963,57,1251566,5.24627347092381,6486
108,"CCA","TTG","P","L",1,627930,14,599089,15,1227019,4.04585132292131,6830
112,"AAG","GAA","K","E",4,614998,52,602467,56,1217465,4.73020729823939,7056
113,"GAT","ATT","D","I",6,614446,53,596373,59,1210819,4.10184091373924,7103
113,"GAT","GTC","D","V",3,614446,41,596373,44,1210819,4.7112518453556,7133
114,"AGT","TAC","S","Y",0,620849,7,611967,7,1232816,4.17395087558858,7200
132,"TTC","ACG","F","T",2,670060,21,661580,23,1331640,4.00282562917951,8304
143,"ACC","CTG","T","L",0,668139,9,636431,9,1304570,4.61420128613304,9015
153,"GAT","ACG","D","T",3,628519,37,641177,40,1269696,4.47449129149376,9605
158,"TTA","TGG","L","W",8,593561,0,637432,8,1230993,4.40509747389862,9973
163,"CAG","TGA","Q",".",0,568620,8,646322,8,1214942,4.15434569337381,10286
175,"TAT","TCT","Y","S",49,567090,3,628779,52,1195869,5.05664981243501,11039
179,"GTG","CTA","V","L",3,561757,68,635634,71,1197391,5.45353225207698,11267
181,"TGC","CTG","C","L",7,564838,0,629687,7,1194525,4.17138071893353,11394
193,"GTA","GCA","V","A",56,598429,951,582271,1007,1180700,5.63440543305177,12155
203,"TGC","TCG","C","S",14,588483,118,570616,132,1159099,4.15697288896395,12809
205,"ACG","GGC","T","G",0,567513,7,571293,7,1138806,4.16143014511081,12922
220,"AGC","GTG","S","V",14,543726,0,604494,14,1148220,5.41968985825866,13857
226,"GAC","CGG","D","R",0,548760,7,587474,7,1136234,4.04022595682575,14196
227,"AAA","CCA","K","P",93,536761,5,586792,98,1123553,5.50647264585651,14250
234,"AAC","TAT","N","Y",0,561489,8,586891,8,1148380,4.31932309397822,14716
252,"AAC","ACG","N","T",0,529693,8,548093,8,1077786,4.33906384904074,15818
257,"CCC","TAG","P",".",14,548432,1,568932,15,1117364,4.04618536064815,16163
264,"CGC","ATT","R","I",7,550130,0,589062,7,1139192,4.17241811487366,16573
264,"CGC","CTT","R","L",1,550130,15,589062,16,1139192,4.03982457935285,16589
266,"AAT","GAC","N","D",7,564286,0,582283,7,1146569,4.17345062492037,16714
271,"ATT","GCC","I","A",0,580581,8,565109,8,1145690,4.40607685584568,17034
290,"GTC","AGA","V","R",0,656634,9,532554,9,1189188,4.61172451992176,18181
290,"GTC","CAT","V","H",0,656634,7,532554,7,1189188,4.16910543876029,18192
307,"ACC","CGA","T","R",0,687500,13,559559,13,1247059,5.28148821541038,19275
312,"ATT","GTC","I","V",8,667939,0,592294,8,1260233,4.1697479002425,19612
312,"ATT","TAT","I","Y",0,667939,7,592294,7,1260233,4.17109584569036,19618
319,"ATG","AAA","M","K",8,652662,0,604774,8,1257436,4.25639338670032,20014
366,"ATG","CGT","M","R",7,682749,0,677536,7,1360285,4.15926014739209,23030
368,"ATA","ACA","I","T",9,699691,121,598449,130,1298140,5.00774355717328,23117
368,"ATA","AGA","I","R",10,699691,1804,598449,1814,1298140,10.2008681906967,23121
386,"CCA","GCT","P","A",9,735447,0,621462,9,1356909,4.28241385359282,24294
392,"GAG","AGA","E","R",11,735202,0,622938,11,1358140,4.64795495612818,24644
408,"GAA","AAG","E","K",0,717542,9,695675,9,1413217,4.61452753423516,25644
436,"TTG","CTC","L","L",0,648405,9,708557,9,1356962,4.43963473202893,27440
466,"TAC","TGA","Y",".",0,632984,7,657624,7,1290608,4.09890162849192,29376
487,"ATT","TCA","I","S",1,636047,14,642463,15,1278510,4.02804461159022,30707
490,"GTG","TAT","V","Y",7,616744,0,626159,7,1242903,4.1739271992834,30897
499,"TGT","CAT","C","H",10,611552,0,642243,10,1253795,4.80325481391615,31437
509,"CGG","GTG","R","V",0,596547,9,645888,9,1242435,4.45770765034485,32101
516,"TAT","TCT","Y","S",44,567507,2,640838,46,1208345,5.41957932748963,32550
572,"CCA","ATA","P","I",0,593670,8,515535,8,1109205,4.40371276462037,36039
578,"ACA","CAG","T","Q",8,626167,0,516284,8,1142451,4.0264357530419,36414
585,"GCG","CTA","A","L",14,637436,0,495670,14,1133106,4.92000456127147,36868
598,"ATA","CTA","I","L",15,618596,0,556139,15,1174735,5.33719318084601,37694
621,"CGC","TAG","R",".",8,543652,0,626092,8,1169744,4.40371318456236,38961
624,"AAG","ATA","K","I",7,544527,0,619416,7,1163943,4.17088641427443,39110
637,"TTC","CTA","F","L",14,591745,1,593616,15,1185361,4.04732063750566,39953
646,"TTT","CGC","F","R",0,586544,7,595430,7,1181974,4.14481983596319,40520
652,"TCA","TAC","S","Y",7,569248,0,605104,7,1174352,4.17261550554951,40925
663,"ACA","TTT","T","F",7,572520,0,611934,7,1184454,4.17246552349574,41631
664,"CCA","ATC","P","I",0,570649,8,616700,8,1187349,4.25364008115072,41645
671,"AGG","AAA","R","K",7,587280,0,595894,7,1183174,4.17394272800364,42071
723,"AAA","ACT","K","T",62,576642,0,627192,62,1203834,8.28648231497544,45349
736,"AGT","TCC","S","S",0,505341,9,658640,9,1163981,4.09208013163339,46208
757,"AAC","TCC","N","S",0,471260,13,626327,13,1097587,4.71824541568487,47533
775,"TAC","TCA","Y","S",9,662426,0,493884,9,1156310,4.03640097881121,48632
807,"TTC","CTT","F","L",48,1544779,0,234236,48,1779015,4.02886039890552,50621
826,"GAG","ACC","E","T",68,1489173,4,1170223,72,2659396,4.77629098855146,51805
826,"GAG","ATC","E","I",15,1489173,0,1170223,15,2659396,5.06997076389004,51813
826,"GAG","CAA","E","Q",0,1489173,10,1170223,10,2659396,4.80088375389175,51816
826,"GAG","CGA","E","R",25,1489173,1,1170223,26,2659396,4.65792105526445,51824
826,"GAG","CGC","E","R",38,1489173,2,1170223,40,2659396,4.65792105526445,51825
826,"GAG","CTA","E","L",12,1489173,0,1170223,12,2659396,4.65792105526445,51828
826,"GAG","CTC","E","L",55,1489173,3,1170223,58,2659396,4.80482937763758,51829
826,"GAG","CTT","E","L",25,1489173,1,1170223,26,2659396,4.65792105526445,51831
826,"GAG","TCA","E","S",54,1489173,4,1170223,58,2659396,4.32756892920082,51852
826,"GAG","TGA","E",".",20,1489173,0,1170223,20,2659396,5.61119915623177,51856
826,"GAG","TTT","E","F",47,1489173,2,1170223,49,2659396,5.06997076389004,51863
827,"AAG","AGG","K","R",1297,1425740,43,1220811,1340,2646551,6.46097195462421,51874
828,"GCA","AGG","A","R",0,1292021,9,1283291,9,2575312,4.61497894737261,51938
828,"GCA","CAT","A","H",3,1292021,31,1283291,34,2575312,4.17416728409646,51947
833,"TTC","CTA","F","L",76,1219016,9,1703996,85,2923012,4.09101007746457,52274
835,"CCC","CAT","P","H",38,1022520,3,1940274,41,2962794,4.5574458498378,52391
835,"CCC","GAC","P","D",68,1022520,3,1940274,71,2962794,5.69655527720832,52405
835,"CCC","TTA","P","L",29,1022520,1,1940274,30,2962794,5.41733145207347,52432
841,"ACT","CAT","T","H",63,560949,4,2477463,67,3038412,5.09920212050395,52775
843,"CAA","TAT","Q","Y",30,480524,2,2653718,32,3134242,4.67105555125409,52935
847,"ACA","CTC","T","L",0,57791,423,3140536,423,3198327,4.1313435709866,53169
