"POSITION","REF_CODON","CODON","REF_AA","AA","FWD_CNT","FWD_DENOM","REV_CNT","REV_DENOM","CNT","DENOM","std.bias","id"
4,"CAA","CCA","Q","P",23,994886,270,121714,293,1116600,4.84824676944455,41
71,"CCC","GCC","P","A",7,334654,0,312762,7,647416,4.04131940503871,791
106,"GTA","CTA","V","L",9,368851,0,299381,9,668232,4.20302731486784,1150
113,"GAT","GTT","D","V",256,360921,2455,302321,2711,663242,4.52196851954881,1228
278,"AGT","AGG","S","R",0,321770,8,311054,8,632824,4.40592002962356,2941
367,"AGG","AGC","R","S",2,379566,22,363936,24,743502,4.08928076729413,3857
368,"ATA","ACA","I","T",32,381996,740,255617,772,637613,6.22385550436533,3866
368,"ATA","AGA","I","R",1,381996,1929,255617,1930,637613,13.7442566736017,3867
368,"ATA","CTA","I","L",0,381996,7,255617,7,637613,4.1657118405162,3875
467,"TCA","TCC","S","S",29,347162,829,346751,858,693913,6.64175300367962,4902
484,"ACT","AGT","T","S",0,356267,7,357990,7,714257,4.1649319550555,5080
585,"GCG","GCC","A","A",9,344506,0,259704,9,604210,4.05740721231841,6131
646,"TTT","ATT","F","I",0,322798,7,317278,7,640076,4.17386116369715,6752
752,"TTT","TTA","F","L",3,233296,93,349105,96,582401,5.5125153982058,7883
753,"TTG","GTG","L","V",1,234618,83,346991,84,581609,6.69447821474383,7889
