"POSITION","REF_CODON","CODON","REF_AA","AA","FWD_CNT","FWD_DENOM","REV_CNT","REV_DENOM","CNT","DENOM","std.bias","id"
113,"GAT","GTT","D","V",105,227955,3049,211543,3154,439498,6.71992637702359,2122
320,"TGT","ATG","C","M",0,227244,7,209510,7,436754,4.17207639326836,5501
368,"ATA","AAA","I","K",1,233954,301,164313,302,398267,10.0345810974972,6190
368,"ATA","AGA","I","R",1,233954,474,164313,475,398267,10.9403439071372,6193
391,"GGA","AGT","G","S",1,234086,28,209150,29,443236,5.35209242270534,6590
626,"TAC","GGG","Y","G",0,186319,7,199002,7,385321,4.0449615539068,10766
634,"ATA","ATC","I","I",225,178249,11,197008,236,375257,5.87355602908775,10902
752,"TTT","TTA","F","L",4,164300,51,194205,55,358505,4.36243387278825,12896
753,"TTG","GTG","L","V",4,168951,42,194866,46,363817,4.03632731813196,12903
828,"GCA","GGC","A","G",3,453416,125,719458,128,1172874,5.9790469143341,14335
