"POSITION","REF_CODON","CODON","REF_AA","AA","FWD_CNT","FWD_DENOM","REV_CNT","REV_DENOM","CNT","DENOM","std.bias","id"
113,"GAT","GTT","D","V",360,210760,3681,211089,4041,421849,4.65396440326055,2054
235,"AAG","CTT","K","L",7,187738,0,192323,7,380061,4.1736669688116,4080
328,"TTA","CTG","L","L",0,213536,7,207578,7,421114,4.17354083226189,5441
391,"GGA","AGT","G","S",3,224975,32,203914,35,428889,4.23240822311028,6337
394,"GTC","CCA","V","P",7,223486,0,209338,7,432824,4.04624453846548,6436
408,"GAA","GTG","E","V",0,228682,8,223079,8,451761,4.40612961523107,6691
456,"GCC","GGA","A","G",8,203395,0,203750,8,407145,4.40667602364722,7425
468,"CCA","CTA","P","L",192,203757,22,202784,214,406541,4.26074369888154,7567
500,"ATA","CTA","I","L",114,194274,0,200929,114,395203,9.48993484861217,8041
593,"ACC","TCG","T","S",8,188072,0,180660,8,368732,4.32759550643812,9818
595,"TCA","TTA","S","L",10,188453,91,176950,101,365403,4.26030112226917,9855
698,"ACC","CAG","T","Q",10,185595,0,168057,10,353652,4.6072348084402,11420
752,"TTT","TTA","F","L",32,148506,592,180072,624,328578,5.40239436556173,12268
753,"TTG","ATG","L","M",2,151870,45,179985,47,331855,5.13182064737721,12271
753,"TTG","GTG","L","V",32,151870,481,179985,513,331855,5.03523812682435,12275
828,"GCA","GGC","A","G",1,424082,53,664037,54,1088119,5.69803441898509,13630
