"POSITION","REF_CODON","CODON","REF_AA","AA","FWD_CNT","FWD_DENOM","REV_CNT","REV_DENOM","CNT","DENOM","std.bias","id"
57,"GTG","GAA","V","E",0,112843,11,170838,11,283681,4.15644499096152,821
65,"CTA","GCA","L","A",0,125977,7,119064,7,245041,4.17273396701267,926
74,"GAG","GTG","E","V",1,150790,27,100946,28,251736,5.28039790897984,1019
79,"AGT","TGT","S","C",2,151650,36,91897,38,243547,5.02702037213355,1072
81,"AGG","TGG","R","W",9,149529,87,91039,96,240568,4.35426899450409,1092
92,"ATA","ATC","I","I",0,153508,12,107159,12,260667,5.13277750304884,1200
266,"AAT","GAT","N","D",9,126435,0,134237,9,260672,4.61400206005774,3230
279,"GTA","GAA","V","E",0,129195,9,128460,9,257655,4.61500460276069,3359
286,"AGG","TGG","R","W",9,131196,0,121905,9,253101,4.46986057167283,3438
293,"ATG","CTG","M","L",0,138409,8,121397,8,259806,4.40390018196395,3517
343,"TGT","TCT","C","S",7,137394,0,138050,7,275444,4.17424346433049,4090
368,"ATA","AGA","I","R",0,146473,128,133958,128,280431,9.71967494474024,4340
445,"AGC","GCG","S","A",0,136392,9,149297,9,285689,4.43625921606498,5301
474,"CCT","CCG","P","P",1,137662,18,135985,19,273647,4.51333426955169,5598
491,"GGG","GAG","G","E",0,132262,9,137366,9,269628,4.54017852744626,5792
512,"GCT","CAC","A","H",0,127956,9,134743,9,262699,4.51284773895529,6018
550,"AAT","ACT","N","T",7,123366,0,135145,7,258511,4.1718191142259,6483
652,"TCA","GAC","S","D",14,122517,1,137064,15,259581,4.04390981377344,7861
678,"ACC","TCC","T","S",11,133041,0,126702,11,259743,4.88008616907723,8169
713,"TAT","AAT","Y","N",0,142385,7,137518,7,279903,4.17335609671931,8624
714,"GTA","GAA","V","E",0,140912,9,137515,9,278427,4.61464666602202,8636
720,"GTA","GAA","V","E",0,136204,9,138379,9,274583,4.58442795052562,8695
789,"AGA","CGA","R","R",55,166801,1,89752,56,256553,5.42962422145369,9510
825,"TAC","TCC","Y","S",0,451857,12,137934,12,589791,5.13044987783913,9976
833,"TTC","GTC","F","V",1,291452,65,302172,66,593624,6.92212472300442,10114
