"POSITION","REF_CODON","CODON","REF_AA","AA","FWD_CNT","FWD_DENOM","REV_CNT","REV_DENOM","CNT","DENOM","std.bias","id"
113,"GAT","GTT","D","V",64,205577,2668,187327,2732,392904,7.4306224895907,2071
122,"CCG","ACG","P","T",0,221059,7,192669,7,413728,4.17068398691812,2191
123,"ACC","GCC","T","A",9,220189,0,193420,9,413609,4.35875597682937,2210
143,"ACC","CCG","T","P",0,201212,7,206496,7,407708,4.123130567277,2476
166,"CAG","AAG","Q","K",0,167705,8,204192,8,371897,4.01913111356073,2823
207,"GAC","TTT","D","F",0,180108,9,189416,9,369524,4.51672116561808,3439
225,"GCG","CTC","A","L",7,173030,0,182131,7,355161,4.17288534652655,3833
368,"ATA","AAA","I","K",0,208334,75,163768,75,372102,8.66157329497888,6031
368,"ATA","AGA","I","R",1,208334,202,163768,203,372102,9.240177372181,6033
391,"GGA","AGT","G","S",1,205798,26,187906,27,393704,5.2099509150314,6404
486,"GTA","ACA","V","T",0,185930,7,194929,7,380859,4.08118846440532,7974
500,"ATA","CTA","I","L",130,178273,2,185797,132,364070,7.55365200161743,8184
610,"TCA","ACA","S","T",7,184652,0,183640,7,368292,4.16378467008506,10198
752,"TTT","TTA","F","L",1,182465,17,178850,18,361315,4.40623887041218,12549
