"POSITION","REF_CODON","CODON","REF_AA","AA","FWD_CNT","FWD_DENOM","REV_CNT","REV_DENOM","CNT","DENOM","std.bias","id"
74,"GAG","GTG","E","V",2,122127,22,84639,24,206766,4.08189570941635,949
79,"AGT","TGT","S","C",3,123084,36,76728,39,199812,4.45377499225661,1001
81,"AGG","TGG","R","W",4,121566,58,75466,62,197032,4.93895706163767,1022
87,"TTA","TTT","L","F",0,124895,13,80953,13,205848,5.28025712862304,1082
92,"ATA","ATC","I","I",0,125303,20,87036,20,212339,6.09013775680739,1124
133,"TAT","TAG","Y",".",0,142144,10,129567,10,271711,4.80263409828668,1574
151,"CTG","CTC","L","L",0,136284,7,142300,7,278584,4.08912100192866,1776
198,"GAA","GGA","E","G",0,118575,8,121656,8,240231,4.35635242123774,2269
242,"TAT","TTT","Y","F",7,114363,0,115639,7,230002,4.17404731892575,2908
368,"ATA","AGA","I","R",0,120892,203,110769,203,231661,10.6362600679598,4257
448,"CTT","TTT","L","F",8,114661,0,123407,8,238068,4.40504957651328,5245
510,"TTT","TTC","F","F",0,104886,7,114313,7,219199,4.00531916810877,5899
529,"AAC","GAC","N","D",0,102303,8,106746,8,209049,4.32286704371946,6116
570,"CAG","CCG","Q","P",50,107868,2,101433,52,209301,5.54831429378455,6640
673,"AAG","GAG","K","E",0,105588,8,110972,8,216560,4.30871547411235,8025
714,"GTA","GAA","V","E",0,114986,8,114155,8,229141,4.40653989514986,8525
833,"TTC","GTC","F","V",1,247524,20,243668,21,491192,4.71150087600877,9912
