coverage,wt.counts,mut.count,s.count,ns.count,stp.count,aa.sampled,codons.sampled
310206,310023,183,0,183,0,13,13
310327,310227,100,100,0,0,0,1
308089,307908,181,0,181,0,13,13
305419,304871,548,73,475,0,16,17
313005,312954,51,0,51,0,2,2
307724,307470,254,0,254,0,14,14
305814,305350,464,0,464,0,14,14
303855,303475,380,0,380,0,16,16
300077,300009,68,27,41,0,2,3
306498,306395,103,0,103,0,10,10
306334,306307,27,0,27,0,2,2
245617,245540,77,37,40,0,1,2
244220,244220,0,0,0,0,0,0
248899,248896,3,0,3,0,1,1
253184,253150,34,0,34,0,2,2
258637,258188,449,0,449,0,17,17
260956,260606,350,0,350,0,18,18
265017,264251,766,0,766,0,19,19
265196,265102,94,0,94,0,2,2
271390,271071,319,119,200,0,10,11
270348,269766,582,0,582,0,18,18
269426,269160,266,0,266,0,13,13
264936,264301,635,0,635,0,17,17
265264,265232,32,0,32,0,3,3
266973,266771,202,46,156,0,12,13
266461,266156,305,0,305,0,9,9
268425,267779,646,0,646,0,18,18
267272,266867,405,0,405,0,15,15
269229,268462,767,0,767,0,19,19
270165,269361,804,0,804,0,16,16
270187,269880,307,0,307,0,16,16
273789,273561,228,0,228,0,8,8
273598,273597,1,0,1,0,1,1
273233,272941,292,0,292,0,14,14
274888,274709,179,0,179,0,10,10
270362,270266,96,0,96,0,3,3
269642,268983,659,0,659,0,17,17
273501,273492,9,0,9,0,2,2
271884,271728,156,80,76,0,3,4
268385,268146,239,40,199,0,7,8
264393,263609,784,0,784,0,18,18
264569,264424,145,65,80,0,5,6
258944,258701,243,0,243,0,5,5
253162,253003,159,0,159,0,10,10
247322,247060,262,48,214,0,10,11
241480,240971,509,0,509,0,19,19
229011,228404,607,0,607,0,17,17
226111,225986,125,0,125,0,5,5
223507,223072,435,34,401,0,12,13
225119,224599,520,0,520,0,18,18
223674,223656,18,0,18,0,2,2
223363,223317,46,0,46,0,4,4
221877,221394,483,0,483,0,17,17
217659,217204,455,0,455,0,17,17
211021,210873,148,0,148,0,8,8
210471,210214,257,0,257,0,11,11
211515,211461,54,0,54,0,3,3
212023,211850,173,7,166,0,7,8
213204,212868,336,0,336,0,12,12
213980,213669,311,0,311,0,15,15
214302,213950,352,0,352,0,16,16
218265,217642,623,0,623,0,19,19
217530,216945,585,0,585,0,18,18
219401,219007,394,38,356,0,14,15
222462,221801,661,0,661,0,17,17
223146,222825,321,25,296,0,17,18
227257,226644,613,0,613,0,19,19
228068,227839,229,0,229,0,11,11
230355,230296,59,0,59,0,3,3
230443,230336,107,0,107,0,6,6
230695,230540,155,0,155,0,12,12
229826,229789,37,0,37,0,3,3
230739,230541,198,39,159,0,8,9
231242,231153,89,67,22,0,1,2
231195,231067,128,0,128,0,7,7
230566,230545,21,0,21,0,2,2
232206,232202,4,0,4,0,2,2
236528,236417,111,0,111,0,7,7
236268,236095,173,63,110,0,5,6
237026,237006,20,0,20,0,3,3
238761,238761,0,0,0,0,0,0
238156,237854,302,29,273,0,9,10
239195,239143,52,0,52,0,1,1
239324,239322,2,0,2,0,1,1
234737,234737,0,0,0,0,0,0
234083,233988,95,0,95,0,6,6
233307,233047,260,23,237,0,8,9
232569,232434,135,0,135,0,5,5
229814,229748,66,0,66,0,4,4
229658,229546,112,0,112,0,6,6
231201,230928,273,0,273,0,8,8
233052,232941,111,0,111,0,6,6
232849,232687,162,0,162,0,9,9
236540,236264,276,0,276,0,6,6
235670,235395,275,0,275,0,5,5
230082,229972,110,0,110,0,5,5
229966,229802,164,0,164,0,9,9
229236,229134,102,36,66,0,5,6
226953,226860,93,0,93,0,3,3
228477,228477,0,0,0,0,0,0
234042,233987,55,0,55,0,2,2
235984,235897,87,0,87,0,5,5
233399,233387,12,0,12,0,2,2
235951,235944,7,0,7,0,2,2
236006,235922,84,0,84,0,3,3
234541,234541,0,0,0,0,0,0
239200,239017,183,0,183,0,5,5
241238,241223,15,0,15,0,1,1
240842,240255,587,0,587,0,13,13
240721,240597,124,0,124,0,10,10
243524,242665,859,0,859,0,19,19
245499,244438,1061,0,1061,0,19,19
243883,243640,243,0,243,0,15,15
245195,244582,613,0,613,0,16,16
251889,251568,321,64,257,0,15,16
252224,252081,143,0,143,0,5,5
253200,253200,0,0,0,0,0,0
253979,253962,17,0,17,0,5,5
258683,258559,124,59,65,0,3,4
260806,260732,74,57,17,0,2,3
261317,261201,116,0,116,0,10,10
264685,264685,0,0,0,0,0,0
265597,265484,113,0,113,0,10,10
264910,264896,14,0,14,0,2,2
268070,268056,14,0,14,0,2,2
266102,266102,0,0,0,0,0,0
269705,269705,0,0,0,0,0,0
265940,265629,311,0,311,0,11,11
269441,269441,0,0,0,0,0,0
268473,268382,91,0,91,0,6,6
272295,272295,0,0,0,0,0,0
274617,274578,39,0,39,0,2,2
273923,273657,266,0,266,0,11,11
276992,276922,70,0,70,0,2,2
274872,274772,100,0,100,0,5,5
276199,276169,30,0,30,0,2,2
276660,276580,80,0,80,0,2,2
280081,279975,106,61,45,0,3,4
282670,282669,1,0,1,0,1,1
278647,278484,163,57,106,0,5,6
281786,281152,634,41,593,0,17,18
283869,283596,273,0,273,0,10,10
285384,285120,264,0,264,0,6,6
286080,285797,283,0,283,0,14,14
287852,287850,2,0,2,0,1,1
288096,287886,210,0,210,0,14,14
284473,284333,140,0,140,0,10,10
287567,287567,0,0,0,0,0,0
289639,289636,3,0,3,0,1,1
287743,287714,29,0,29,0,1,1
286808,286808,0,0,0,0,0,0
287554,287495,59,0,59,0,2,2
287815,287744,71,49,22,0,1,2
286278,286278,0,0,0,0,0,0
289374,289279,95,0,95,0,3,3
287210,287175,35,0,35,0,3,3
289279,289214,65,0,65,0,7,7
285646,285514,132,56,76,0,5,6
283280,283223,57,0,57,0,3,3
283686,283610,76,0,76,0,3,3
284830,284809,21,0,21,0,2,2
285138,285027,111,44,67,0,5,6
284302,284302,0,0,0,0,0,0
284686,284619,67,42,25,0,3,4
282067,282058,9,0,9,0,1,1
279622,279577,45,0,45,0,1,1
279612,279221,391,0,391,0,16,16
279066,279066,0,0,0,0,0,0
281734,281717,17,0,17,0,1,1
278129,277597,532,0,532,0,19,19
281388,280884,504,0,504,0,15,15
280204,280101,103,0,103,0,3,3
282135,281690,445,47,398,0,16,17
282979,282660,319,0,319,0,7,7
280148,280003,145,0,145,0,14,14
280303,279761,542,0,542,0,15,15
277763,277168,595,0,595,0,18,18
275947,275123,824,0,824,0,19,19
273341,273190,151,0,151,0,7,7
273358,272816,542,0,542,0,19,19
276756,276667,89,0,89,0,4,4
277333,276754,579,64,515,0,18,19
273349,273208,141,0,141,0,14,14
268550,268460,90,0,90,0,4,4
266593,266392,201,0,201,0,12,12
270136,270038,98,0,98,0,11,11
268084,268019,65,55,10,0,3,4
264578,264403,175,0,175,0,11,11
269607,269523,84,0,84,0,7,7
268033,267399,634,0,634,0,19,19
269992,269772,220,0,220,0,13,13
265434,265233,201,0,201,0,15,15
267408,266997,411,0,411,0,15,15
268720,268719,1,0,1,0,1,1
267670,267600,70,69,1,0,1,2
267315,267315,0,0,0,0,0,0
269642,269496,146,68,78,0,3,4
273471,273342,129,0,129,0,6,6
272780,272605,175,69,106,0,6,7
275866,275722,144,36,108,0,4,5
274696,274398,298,0,298,0,10,10
274299,274166,133,57,76,0,6,7
273521,273015,506,0,506,0,16,16
272698,272567,131,53,78,0,2,3
271047,270990,57,0,57,0,6,6
271762,271471,291,0,291,0,11,11
272464,272438,26,0,26,0,3,3
273033,273018,15,0,15,0,2,2
271300,271219,81,81,0,0,0,1
271975,271975,0,0,0,0,0,0
271007,270992,15,0,15,0,2,2
264609,264570,39,39,0,0,0,1
266564,266459,105,0,105,0,6,6
266319,266282,37,0,37,0,6,6
263857,263689,168,64,104,0,5,6
263044,262790,254,0,254,0,16,16
261607,261350,257,0,257,0,14,14
260146,259961,185,0,185,0,11,11
256341,255898,443,0,443,0,19,19
257914,257513,401,0,401,0,17,17
261084,260702,382,0,382,0,17,17
260378,260216,162,0,162,0,12,12
259273,258842,431,0,431,0,12,12
257544,257398,146,0,146,0,11,11
258029,257978,51,0,51,0,2,2
254970,254877,93,0,93,0,7,7
258077,258036,41,41,0,0,0,1
259945,259897,48,0,48,0,2,2
259073,259069,4,0,4,0,2,2
259335,259322,13,0,13,0,2,2
260496,260488,8,0,8,0,1,1
259650,259462,188,49,139,0,11,12
260929,260849,80,0,80,0,6,6
264700,264686,14,0,14,0,3,3
266747,266744,3,0,3,0,1,1
268367,268329,38,0,38,0,7,7
270394,270384,10,0,10,0,1,1
268391,268322,69,0,69,0,2,2
267730,267709,21,0,21,0,2,2
270366,270365,1,0,1,0,1,1
269822,269822,0,0,0,0,0,0
269903,269903,0,0,0,0,0,0
271794,271526,268,0,268,0,17,17
270517,270514,3,0,3,0,1,1
271957,271690,267,0,267,0,15,15
271783,271650,133,0,133,0,15,15
270463,270446,17,0,17,0,1,1
272446,272446,0,0,0,0,0,0
270898,270892,6,0,6,0,2,2
270233,270174,59,20,39,0,2,3
269932,269736,196,0,196,0,13,13
273177,273154,23,23,0,0,0,1
275137,275106,31,0,31,0,4,4
277254,277254,0,0,0,0,0,0
281104,280841,263,0,263,0,15,15
282372,282364,8,0,8,0,2,2
280380,280365,15,0,15,0,1,1
277139,277002,137,0,137,0,9,9
279957,279889,68,63,5,0,1,2
279770,279708,62,0,62,0,5,5
282828,282788,40,37,3,0,2,3
288316,288294,22,0,22,0,3,3
286511,286511,0,0,0,0,0,0
287406,287402,4,0,4,0,2,2
282258,282258,0,0,0,0,0,0
284413,284413,0,0,0,0,0,0
281538,281538,0,0,0,0,0,0
283095,283035,60,12,48,0,1,2
286244,286221,23,0,23,0,2,2
287108,287108,0,0,0,0,0,0
288779,288775,4,0,4,0,1,1
292642,292640,2,0,2,0,1,1
293426,293426,0,0,0,0,0,0
295113,295113,0,0,0,0,0,0
296362,296299,63,0,63,0,2,2
293513,293474,39,39,0,0,0,1
293272,293249,23,0,23,0,3,3
291803,291595,208,36,172,0,3,4
288352,288288,64,0,64,0,4,4
287014,287014,0,0,0,0,0,0
284800,284773,27,0,27,0,3,3
286898,286898,0,0,0,0,0,0
286503,286419,84,67,17,0,3,4
283889,283889,0,0,0,0,0,0
287028,287000,28,0,28,0,2,2
283353,283352,1,0,1,0,1,1
284727,284722,5,0,5,0,1,1
282102,282102,0,0,0,0,0,0
281220,281220,0,0,0,0,0,0
262587,262587,0,0,0,0,0,0
274666,274666,0,0,0,0,0,0
271941,271936,5,0,5,0,2,2
268572,268571,1,0,1,0,1,1
267221,267221,0,0,0,0,0,0
268849,268849,0,0,0,0,0,0
271525,271431,94,25,69,0,1,2
271019,271012,7,0,7,0,1,1
271528,271396,132,0,132,0,10,10
271842,271785,57,49,8,0,2,3
274497,274376,121,33,88,0,7,8
271491,271347,144,0,144,0,12,12
271816,271560,256,0,256,0,11,11
272278,272278,0,0,0,0,0,0
269368,269368,0,0,0,0,0,0
268927,268677,250,0,250,0,8,8
266483,266355,128,0,128,0,6,6
265479,264812,667,0,667,0,19,19
261813,261807,6,0,6,0,1,1
263787,263787,0,0,0,0,0,0
261168,260679,489,0,489,0,18,18
258938,258851,87,0,87,0,3,3
260470,259966,504,0,504,0,17,17
256969,256768,201,0,201,0,14,14
255657,255452,205,0,205,0,14,14
255344,254966,378,0,378,0,17,17
253417,252674,743,83,660,0,19,20
250420,250290,130,53,77,0,5,6
249952,249506,446,0,446,0,18,18
252861,252094,767,0,767,0,19,19
250885,250652,233,0,233,0,15,15
256705,256677,28,0,28,0,4,4
263255,263097,158,0,158,0,4,4
264847,264817,30,0,30,0,7,7
265597,265303,294,0,294,0,17,17
268319,268262,57,0,57,0,3,3
266920,266720,200,0,200,0,8,8
269266,268813,453,0,453,0,13,13
270436,270333,103,0,103,0,10,10
271332,270588,744,55,689,0,19,20
271551,271158,393,0,393,0,17,17
271678,271633,45,0,45,0,1,1
268597,268536,61,0,61,0,4,4
268689,268494,195,64,131,0,5,6
270379,270106,273,0,273,0,15,15
269374,269358,16,0,16,0,5,5
272556,272488,68,68,0,0,0,1
272959,272923,36,0,36,0,5,5
272142,272084,58,0,58,0,1,1
268305,268153,152,0,152,0,9,9
266998,266197,801,0,801,0,19,19
263927,263868,59,0,59,0,7,7
261760,261760,0,0,0,0,0,0
266413,265848,565,0,565,0,19,19
270152,270133,19,0,19,0,1,1
265182,264363,819,0,819,0,18,18
266175,266090,85,0,85,0,6,6
270449,270315,134,0,134,0,9,9
269265,269265,0,0,0,0,0,0
268221,268179,42,0,42,0,3,3
270630,270569,61,0,61,0,4,4
270895,270777,118,88,30,0,4,5
271203,270621,582,41,541,0,17,18
270145,269660,485,29,456,0,16,17
271244,270760,484,0,484,0,16,16
269278,269276,2,0,2,0,1,1
271041,270761,280,0,280,0,17,17
266738,266634,104,104,0,0,0,1
265530,265449,81,22,59,0,6,7
259168,258744,424,0,424,0,16,16
258919,258500,419,0,419,0,18,18
253062,252798,264,0,264,0,16,16
251230,251227,3,0,3,0,1,1
254493,254327,166,0,166,0,15,15
252737,252516,221,0,221,0,12,12
252478,252367,111,0,111,0,6,6
250415,250345,70,0,70,0,3,3
252516,252507,9,0,9,0,2,2
254054,253873,181,45,136,0,11,12
253438,253433,5,0,5,0,2,2
253653,253648,5,0,5,0,1,1
251199,250882,317,0,317,0,13,13
252782,252776,6,0,6,0,1,1
256794,256794,0,0,0,0,0,0
257563,257359,204,0,204,0,9,9
260225,259695,530,0,530,0,19,19
262156,261609,547,0,547,0,19,19
262933,262323,610,0,610,0,19,19
264817,264655,162,0,162,0,12,12
271066,271060,6,0,6,0,3,3
274047,273821,226,0,226,0,16,16
273584,273512,72,0,72,0,3,3
273570,273541,29,0,29,0,2,2
271257,270674,583,21,562,0,18,19
271699,271594,105,0,105,0,8,8
272434,272432,2,0,2,0,1,1
271297,271185,112,0,112,0,5,5
274416,274378,38,0,38,0,5,5
275877,275768,109,0,109,0,8,8
273602,273602,0,0,0,0,0,0
270782,270677,105,0,105,0,9,9
269603,269443,160,0,160,0,9,9
272347,272237,110,0,110,0,12,12
267972,267889,83,77,6,0,2,3
268920,268560,360,0,360,0,12,12
269024,268803,221,0,221,0,11,11
271732,271639,93,62,31,0,3,4
273755,273367,388,0,388,0,14,14
276048,276015,33,0,33,0,4,4
277609,277377,232,20,212,0,12,13
278928,278590,338,0,338,0,11,11
280461,280074,387,0,387,0,18,18
279558,279507,51,0,51,0,9,9
278087,278014,73,0,73,0,3,3
276619,276354,265,0,265,0,17,17
280877,280766,111,71,40,0,2,3
280339,280109,230,0,230,0,16,16
279570,279408,162,0,162,0,13,13
278963,278930,33,0,33,0,3,3
282260,282218,42,0,42,0,3,3
277372,277371,1,0,0,1,1,1
280010,280010,0,0,0,0,0,0
274961,274913,48,0,48,0,5,5
272606,272034,572,0,572,0,19,19
271283,271283,0,0,0,0,0,0
265160,265107,53,52,1,0,1,2
267957,267854,103,0,103,0,8,8
270540,270477,63,0,63,0,4,4
269365,269265,100,43,57,0,3,4
268528,268494,34,0,34,0,3,3
269761,269613,148,49,99,0,3,4
268080,267786,294,0,294,0,15,15
265914,265847,67,0,67,0,2,2
268077,267994,83,76,7,0,1,2
268613,268613,0,0,0,0,0,0
270423,270423,0,0,0,0,0,0
271222,271172,50,0,50,0,3,3
271898,271898,0,0,0,0,0,0
270671,270633,38,0,38,0,1,1
268327,268189,138,0,138,0,5,5
270275,270120,155,0,155,0,12,12
272957,272692,265,68,197,0,13,14
271946,271946,0,0,0,0,0,0
267525,267417,108,0,108,0,3,3
266091,266034,57,0,57,0,9,9
269784,269779,5,0,5,0,2,2
264165,264083,82,38,44,0,6,7
261008,260968,40,0,40,0,3,3
267226,267133,93,0,93,0,3,3
269298,269210,88,23,65,0,4,5
268353,268240,113,31,82,0,9,10
264921,264780,141,0,141,0,13,13
267003,266952,51,0,51,0,5,5
265610,265376,234,0,234,0,15,15
265093,265011,82,0,82,0,7,7
272774,272737,37,0,37,0,5,5
274402,274135,267,107,160,0,5,6
273150,272754,396,0,396,0,15,15
274993,274693,300,0,300,0,15,15
272912,272835,77,45,32,0,3,4
274751,274668,83,0,83,0,7,7
275958,275719,239,0,239,0,14,14
281166,281138,28,0,28,0,4,4
279701,279592,109,0,109,0,3,3
283777,283716,61,0,61,0,4,4
279881,279828,53,0,53,0,6,6
279819,279799,20,0,20,0,2,2
279814,279814,0,0,0,0,0,0
279567,279497,70,33,37,0,3,4
280392,280205,187,0,187,0,13,13
277083,276970,113,47,66,0,3,4
277077,277077,0,0,0,0,0,0
276053,276005,48,0,48,0,2,2
279260,279216,44,0,44,0,4,4
281712,281708,4,0,4,0,1,1
280905,280876,29,0,29,0,1,1
280261,280225,36,0,36,0,2,2
276498,276498,0,0,0,0,0,0
277159,277152,7,0,7,0,1,1
274623,274621,2,0,2,0,1,1
274177,274051,126,111,15,0,1,2
276982,276711,271,32,239,0,12,13
274761,274341,420,24,396,0,11,12
270945,269710,1235,0,1235,0,19,19
272320,272138,182,0,182,0,11,11
275369,275248,121,0,121,0,8,8
273795,273730,65,0,65,0,2,2
274454,273786,668,0,668,0,17,17
274129,273501,628,0,628,0,18,18
275022,275022,0,0,0,0,0,0
271021,270841,180,0,180,0,13,13
270231,270182,49,49,0,0,0,1
272408,272381,27,7,20,0,2,3
273193,273035,158,37,121,0,4,5
272490,272468,22,0,22,0,1,1
271759,271759,0,0,0,0,0,0
272311,272264,47,0,47,0,3,3
273609,273444,165,55,110,0,4,5
273423,273360,63,63,0,0,0,1
274014,273873,141,19,122,0,4,5
270399,270399,0,0,0,0,0,0
269324,269323,1,0,1,0,1,1
265929,265898,31,29,2,0,1,2
264167,264093,74,0,74,0,4,4
259852,259797,55,0,55,0,4,4
260769,260707,62,0,62,0,5,5
255481,255434,47,47,0,0,0,1
254003,253960,43,0,43,0,6,6
252893,252768,125,0,125,0,9,9
250003,249996,7,0,7,0,1,1
251089,251089,0,0,0,0,0,0
256328,256074,254,0,254,0,15,15
256721,256604,117,57,60,0,1,2
254591,254585,6,0,6,0,2,2
253496,253325,171,0,171,0,8,8
253515,253140,375,0,375,0,14,14
254767,254763,4,0,4,0,1,1
254868,254858,10,0,10,0,1,1
256490,256012,478,35,443,0,16,17
253052,252951,101,0,101,0,11,11
253182,253158,24,0,24,0,4,4
257429,257416,13,0,13,0,1,1
261797,261661,136,0,136,0,8,8
267775,267472,303,0,303,0,15,15
271046,271001,45,0,45,0,3,3
271811,271811,0,0,0,0,0,0
267784,267698,86,45,41,0,3,4
265931,265931,0,0,0,0,0,0
264985,264985,0,0,0,0,0,0
262537,262524,13,0,13,0,1,1
263870,263856,14,0,14,0,3,3
261378,261343,35,0,35,0,3,3
256892,256889,3,0,3,0,1,1
255509,255509,0,0,0,0,0,0
252337,252006,331,16,315,0,12,13
252237,252237,0,0,0,0,0,0
254757,254727,30,0,30,0,2,2
255178,255117,61,61,0,0,0,1
255228,255183,45,0,45,0,7,7
253190,253157,33,0,33,0,2,2
251180,251179,1,0,1,0,1,1
250294,250125,169,0,169,0,8,8
254148,254087,61,0,61,0,6,6
254345,254288,57,43,14,0,2,3
253309,253041,268,0,268,0,16,16
251408,251387,21,0,21,0,4,4
253051,252743,308,0,308,0,17,17
251364,251320,44,44,0,0,0,1
250760,250688,72,0,72,0,4,4
250761,250659,102,0,102,0,6,6
249002,248942,60,0,60,0,6,6
248332,248332,0,0,0,0,0,0
247349,247349,0,0,0,0,0,0
248150,247978,172,36,136,0,9,10
244249,244031,218,0,218,0,10,10
243781,243748,33,0,33,0,1,1
242144,242144,0,0,0,0,0,0
241137,241122,15,0,15,0,2,2
239477,239460,17,13,4,0,2,3
237647,237583,64,63,1,0,1,2
235331,235297,34,28,6,0,2,3
226999,226998,1,0,1,0,1,1
226499,226428,71,0,71,0,5,5
226831,226823,8,0,8,0,1,1
226818,226818,0,0,0,0,0,0
231262,230555,707,0,707,0,18,18
232017,231945,72,0,72,0,6,6
232885,232854,31,31,0,0,0,1
230602,230554,48,0,48,0,3,3
230277,229887,390,0,390,0,17,17
229548,229346,202,47,155,0,6,7
226990,226925,65,45,20,0,4,5
227903,227295,608,0,608,0,18,18
227223,227152,71,0,71,0,10,10
227826,227644,182,57,125,0,4,5
227441,227437,4,0,4,0,3,3
231236,231217,19,0,19,0,1,1
231933,231573,360,0,360,0,15,15
231827,231151,676,0,676,0,19,19
232559,232134,425,0,425,0,18,18
233296,233099,197,0,197,0,12,12
231528,231342,186,0,186,0,9,9
231986,231518,468,0,468,0,17,17
236509,236447,62,0,62,0,4,4
235135,235089,46,0,46,0,3,3
235228,235210,18,0,18,0,3,3
237297,237157,140,0,140,0,10,10
238550,238467,83,43,40,0,4,5
237168,237166,2,0,2,0,1,1
238462,238365,97,0,97,0,9,9
236941,236904,37,33,4,0,1,2
234643,234550,93,0,93,0,8,8
233496,233488,8,0,8,0,1,1
234436,234357,79,42,37,0,2,3
237627,237584,43,0,43,0,2,2
238721,238586,135,26,109,0,7,8
240366,240347,19,0,19,0,4,4
235721,235573,148,0,148,0,8,8
233826,233799,27,0,27,0,3,3
235849,235849,0,0,0,0,0,0
229556,229324,232,0,232,0,14,14
232294,232229,65,0,65,0,5,5
231994,231725,269,29,240,0,13,14
231758,231758,0,0,0,0,0,0
224739,224738,1,0,1,0,1,1
223149,223115,34,0,34,0,1,1
225519,225519,0,0,0,0,0,0
220225,220187,38,36,2,0,1,2
218614,218614,0,0,0,0,0,0
219077,219032,45,0,45,0,4,4
222655,222595,60,60,0,0,0,1
222378,222378,0,0,0,0,0,0
222846,222845,1,0,1,0,1,1
223814,223714,100,98,2,0,1,2
223036,223029,7,0,7,0,1,1
221651,221628,23,0,23,0,2,2
222065,222062,3,0,3,0,1,1
222558,222473,85,9,76,0,1,2
223062,222991,71,0,71,0,1,1
223120,223113,7,0,7,0,1,1
225430,225430,0,0,0,0,0,0
227262,227261,1,0,1,0,1,1
227808,227768,40,0,40,0,3,3
227678,227661,17,0,17,0,2,2
229140,229040,100,0,100,0,3,3
228967,228900,67,41,26,0,3,4
228831,228778,53,0,53,0,4,4
232053,231871,182,126,56,0,4,5
232151,231990,161,0,161,0,4,4
235163,234946,217,83,134,0,7,8
237086,236992,94,0,94,0,7,7
237823,237767,56,0,56,0,4,4
235024,234992,32,0,32,0,1,1
237328,237239,89,0,89,0,8,8
238313,238121,192,0,192,0,13,13
238693,238633,60,0,60,0,3,3
239614,239600,14,0,14,0,2,2
244000,243945,55,40,15,0,3,4
245421,245402,19,0,19,0,1,1
242929,242569,360,0,360,0,15,15
244363,244340,23,0,23,0,2,2
248001,247899,102,41,61,0,7,8
247889,247831,58,0,58,0,3,3
250301,250257,44,0,44,0,3,3
247893,247886,7,0,7,0,1,1
250566,250566,0,0,0,0,0,0
249184,249184,0,0,0,0,0,0
247343,247338,5,0,5,0,1,1
248454,248454,0,0,0,0,0,0
247665,247574,91,0,91,0,5,5
247906,247798,108,0,108,0,2,2
245846,245822,24,0,24,0,3,3
245322,245242,80,64,16,0,4,5
243566,243566,0,0,0,0,0,0
242277,242184,93,0,93,0,10,10
245080,244923,157,0,157,0,7,7
246085,245830,255,0,255,0,14,14
244736,244674,62,0,62,0,4,4
247507,247503,4,0,4,0,3,3
245975,245769,206,0,206,0,8,8
244959,244662,297,69,228,0,13,14
244444,244271,173,59,114,0,13,14
244493,244420,73,68,5,0,3,4
242521,242505,16,0,16,0,2,2
242751,242393,358,0,358,0,17,17
241156,241084,72,0,72,0,9,9
239997,239947,50,0,50,0,1,1
240303,240077,226,0,226,0,13,13
241409,240958,451,0,451,0,17,17
239911,239909,2,0,2,0,1,1
239627,239612,15,0,15,0,2,2
243503,243393,110,25,85,0,1,2
239689,239507,182,0,182,0,14,14
238792,238749,43,0,43,0,2,2
238668,238668,0,0,0,0,0,0
238501,238501,0,0,0,0,0,0
234302,234114,188,0,188,0,9,9
232233,232223,10,0,10,0,2,2
232214,232200,14,0,14,0,1,1
227991,227881,110,0,110,0,6,6
228403,228081,322,0,322,0,16,16
228100,227683,417,0,417,0,18,18
229478,229432,46,0,46,0,2,2
228493,228410,83,0,83,0,13,13
225550,225468,82,0,82,0,13,13
223437,223391,46,0,46,0,4,4
222341,222256,85,0,85,0,2,2
222867,222824,43,0,43,0,1,1
223184,222709,475,0,475,0,18,18
219717,219701,16,0,16,0,2,2
216619,216467,152,0,152,0,5,5
218978,218937,41,0,41,0,5,5
216289,216289,0,0,0,0,0,0
216924,216908,16,15,1,0,1,2
213695,213668,27,0,27,0,3,3
213795,213736,59,40,19,0,2,3
211383,211346,37,0,37,0,2,2
211076,211076,0,0,0,0,0,0
212504,212480,24,24,0,0,0,1
210206,210195,11,0,11,0,2,2
210283,210283,0,0,0,0,0,0
205811,205767,44,0,44,0,3,3
207296,207174,122,0,122,0,13,13
204559,204535,24,0,24,0,3,3
203691,203691,0,0,0,0,0,0
204652,204600,52,0,52,0,2,2
203283,203240,43,29,14,0,1,2
202926,202884,42,0,42,0,2,2
206387,206385,2,0,2,0,1,1
208289,208289,0,0,0,0,0,0
209619,209619,0,0,0,0,0,0
210550,210505,45,0,45,0,4,4
212395,212378,17,0,17,0,3,3
213765,213743,22,0,22,0,2,2
214212,214088,124,0,124,0,7,7
218309,218257,52,0,52,0,3,3
219921,219876,45,0,45,0,1,1
221164,220903,261,0,261,0,16,16
225753,225750,3,0,3,0,2,2
224498,224444,54,54,0,0,0,1
225397,225376,21,0,21,0,2,2
227474,227448,26,26,0,0,0,1
229788,229739,49,0,49,0,1,1
230336,230335,1,0,1,0,1,1
232403,232348,55,0,55,0,3,3
239682,239640,42,0,42,0,4,4
244530,244416,114,0,114,0,3,3
245944,245901,43,0,43,0,7,7
257919,257573,346,0,346,0,14,14
259661,259661,0,0,0,0,0,0
264817,264714,103,0,103,0,13,13
276682,276415,267,0,267,0,10,10
280954,280942,12,0,12,0,1,1
286695,286652,43,0,43,0,2,2
298112,297937,175,43,132,0,10,11
300733,300674,59,20,39,0,5,6
303241,303127,114,103,11,0,1,2
304966,304965,1,0,1,0,1,1
308529,307862,667,74,593,0,17,18
317824,317723,101,72,29,0,3,4
323493,323493,0,0,0,0,0,0
322848,322827,21,0,21,0,2,2
323366,323362,4,0,4,0,1,1
326807,326621,186,0,186,0,5,5
330728,330707,21,0,21,0,1,1
332494,332325,169,0,169,0,9,9
332462,331725,737,0,737,0,17,17
338690,338553,137,0,137,0,11,11
345481,345481,0,0,0,0,0,0
345761,345447,314,0,314,0,15,15
347700,347456,244,0,244,0,11,11
351580,351580,0,0,0,0,0,0
354779,354559,220,0,220,0,6,6
362319,361903,416,14,402,0,10,11
362764,362437,327,0,327,0,8,8
364910,364896,14,0,14,0,3,3
367127,367004,123,109,14,0,2,3
361565,361383,182,134,48,0,7,8
367236,367163,73,0,73,0,6,6
364428,364354,74,0,74,0,11,11
368777,368700,77,0,77,0,6,6
368833,368833,0,0,0,0,0,0
371713,371705,8,0,8,0,1,1
377031,376960,71,0,71,0,7,7
375374,375288,86,10,76,0,4,5
470618,469705,913,0,913,0,17,17
469463,469223,240,212,28,0,3,4
463240,463240,0,0,0,0,0,0
469395,469137,258,0,258,0,10,10
465199,465078,121,0,121,0,2,2
481711,481463,248,55,193,0,5,6
473405,472974,431,0,431,0,11,11
480986,480896,90,90,0,0,0,1
478699,478638,61,61,0,0,0,1
481520,481471,49,27,22,0,2,3
472346,471935,411,0,411,0,11,11
485508,485487,21,0,21,0,1,1
481517,481418,99,59,40,0,4,5
478496,478435,61,0,61,0,1,1
478099,477579,520,83,437,0,11,12
479993,479993,0,0,0,0,0,0
