coverage,wt.counts,mut.count,s.count,ns.count,stp.count,aa.sampled,codons.sampled
955196,955196,0,0,0,0,0,0
972201,972199,2,0,2,0,2,2
994870,994702,168,0,168,0,8,11
1000699,1000501,198,0,198,0,11,23
1016455,1016029,426,0,426,0,15,26
1031656,1031464,192,38,154,0,11,16
1029708,1029394,314,0,314,0,13,22
1050661,1050619,42,0,42,0,6,7
1056493,1056216,277,0,277,0,13,27
1082293,1082027,266,0,266,0,5,10
1083075,1083064,11,0,11,0,3,3
1100058,1099915,143,0,143,0,8,12
1112679,1112663,16,0,16,0,2,3
1049056,1049030,26,0,26,0,5,7
1135528,1135161,367,0,367,0,10,19
396260,395845,415,14,401,0,12,35
408749,408723,26,6,20,0,7,11
419007,418846,161,0,161,0,10,21
430830,430735,95,0,95,0,7,15
438978,438776,202,2,200,0,16,28
446352,446225,127,0,127,0,13,23
447020,446911,109,0,109,0,9,16
457103,457085,18,0,18,0,1,3
470587,470011,576,0,576,0,13,22
475181,475156,25,0,25,0,5,9
492475,492287,188,0,188,0,10,24
494461,494397,64,0,64,0,7,12
498869,498777,92,0,92,0,12,19
490897,490810,87,0,87,0,6,13
490437,490408,29,0,29,0,5,8
489971,489948,23,0,23,0,8,10
484632,484626,6,0,6,0,2,2
477383,477383,0,0,0,0,0,0
472624,472604,20,0,20,0,1,2
483406,483403,3,0,3,0,2,2
489217,489208,9,0,9,0,2,2
490084,490078,6,0,6,0,2,2
500174,500170,4,4,0,0,0,1
501048,500999,49,0,49,0,7,13
493356,493324,32,11,21,0,4,9
498098,498083,15,0,15,0,2,4
504612,504599,13,0,13,0,3,5
504985,504983,2,1,1,0,1,2
510594,510427,167,0,167,0,7,8
510573,510511,62,0,62,0,11,16
508658,508433,225,0,225,0,14,26
503843,503616,227,0,227,0,15,27
504184,503769,415,0,415,0,12,30
502825,502784,41,0,41,0,9,10
499740,499731,9,0,9,0,4,4
492641,492531,110,0,110,0,12,17
499831,499709,122,0,122,0,6,13
493692,493688,4,0,4,0,2,2
486010,485884,126,0,126,0,4,9
481834,481769,65,0,65,0,10,16
476731,476718,13,0,13,0,5,5
478982,478880,102,0,102,0,8,13
472870,472810,60,0,60,0,8,12
468534,468521,13,0,13,0,4,5
468188,468144,44,0,44,0,3,6
461198,461096,102,0,102,0,3,5
460964,460827,137,0,137,0,15,26
455792,455785,7,0,7,0,3,3
458149,458094,55,4,51,0,6,11
451717,451603,114,4,110,0,13,26
450900,450882,18,0,17,1,2,4
453544,453532,12,0,12,0,4,6
451251,451235,16,10,6,0,3,5
450106,450066,40,0,40,0,5,9
454456,454442,14,9,5,0,4,5
455723,455720,3,0,3,0,2,3
447355,447345,10,0,10,0,3,4
441619,441619,0,0,0,0,0,0
447208,447207,1,0,1,0,1,1
443371,443367,4,0,4,0,1,2
442177,442158,19,0,19,0,3,6
440444,440438,6,0,6,0,2,2
429833,429781,52,0,52,0,6,7
419626,419585,41,31,10,0,4,7
428342,428335,7,0,7,0,2,2
418695,418666,29,22,7,0,3,5
420845,420845,0,0,0,0,0,0
419490,419450,40,37,3,0,1,4
413687,413571,116,10,106,0,5,11
412216,412209,7,0,7,0,3,4
411351,411347,4,0,4,0,2,2
412262,412238,24,16,8,0,3,4
416283,416278,5,0,5,0,2,2
414429,414422,7,0,7,0,1,1
412610,412600,10,1,9,0,2,5
413020,413012,8,0,8,0,2,3
411140,411133,7,0,7,0,2,3
412750,412748,2,0,2,0,2,2
413583,413561,22,0,22,0,3,6
415547,415547,0,0,0,0,0,0
415270,415260,10,0,10,0,2,2
419083,419073,10,0,10,0,2,4
420726,420725,1,0,1,0,1,1
419120,419118,2,0,2,0,2,2
419957,419957,0,0,0,0,0,0
419197,419139,58,0,58,0,6,8
418699,418692,7,0,7,0,2,3
415482,415464,18,0,18,0,4,6
410957,410956,1,0,1,0,1,1
411340,411330,10,0,10,0,5,6
407135,407072,63,0,63,0,8,11
401822,401822,0,0,0,0,0,0
402560,402555,5,0,5,0,3,3
405412,405323,89,0,89,0,10,20
400851,400850,1,0,1,0,1,1
396477,396469,8,0,8,0,3,4
395624,395452,172,0,172,0,14,28
390058,390015,43,0,43,0,6,11
394200,394088,112,12,100,0,12,21
400724,400724,0,0,0,0,0,0
391136,391135,1,0,1,0,1,1
389204,389169,35,0,35,0,5,7
394547,394547,0,0,0,0,0,0
397871,397859,12,0,12,0,3,4
404858,404858,0,0,0,0,0,0
410308,410284,24,0,24,0,4,8
413329,413326,3,0,3,0,1,1
413396,413394,2,0,2,0,2,2
407529,407363,166,0,166,0,8,16
411513,411513,0,0,0,0,0,0
412573,412573,0,0,0,0,0,0
410118,410115,3,0,3,0,2,2
410498,410483,15,0,15,0,1,3
414415,414407,8,0,8,0,2,2
413004,412928,76,0,76,0,3,4
411814,411800,14,14,0,0,0,3
411168,411168,0,0,0,0,0,0
406449,406442,7,0,7,0,2,3
408041,408041,0,0,0,0,0,0
406420,406417,3,0,3,0,2,2
404970,404970,0,0,0,0,0,0
402765,402749,16,16,0,0,0,2
404078,404055,23,0,23,0,8,11
402530,402132,398,0,398,0,9,26
403978,403976,2,0,2,0,2,2
405952,405925,27,0,27,0,4,6
404830,404813,17,0,17,0,4,5
407403,407250,153,0,153,0,7,12
408622,408615,7,1,6,0,2,4
407780,407641,139,0,139,0,13,21
408555,408553,2,0,2,0,2,2
406184,406179,5,0,5,0,2,2
406101,406097,4,0,4,0,3,3
405030,405025,5,0,5,0,3,3
404243,404210,33,0,33,0,4,7
407667,407653,14,0,14,0,4,4
399523,399517,6,0,6,0,2,2
397650,397646,4,0,4,0,2,2
398505,398454,51,0,51,0,8,11
396945,396908,37,28,9,0,6,9
395728,395660,68,0,68,0,10,14
392879,392816,63,0,63,0,8,19
384426,384419,7,1,6,0,4,5
377909,377907,2,0,2,0,1,1
380938,380934,4,2,2,0,1,2
382547,382547,0,0,0,0,0,0
379796,379732,64,0,64,0,5,8
380172,380161,11,0,11,0,2,4
377092,377086,6,0,6,0,3,3
374262,374241,21,0,21,0,3,4
371570,371485,85,0,85,0,11,20
370393,370390,3,0,3,0,2,2
370763,370763,0,0,0,0,0,0
362731,362729,2,0,2,0,1,2
362886,362850,36,30,6,0,3,7
360165,360162,3,0,3,0,1,1
359587,359578,9,0,9,0,2,2
361273,361263,10,0,10,0,3,3
359716,359647,69,0,69,0,5,8
359695,359686,9,0,9,0,2,3
362973,362968,5,0,5,0,2,2
362872,362837,35,0,35,0,5,7
362998,362994,4,0,4,0,3,3
368477,368469,8,0,8,0,5,5
368027,368027,0,0,0,0,0,0
368379,368358,21,0,21,0,3,5
362414,362414,0,0,0,0,0,0
359401,359390,11,0,11,0,3,3
361664,361659,5,2,3,0,1,2
362654,362612,42,0,42,0,3,6
358224,358222,2,0,2,0,1,1
361154,361154,0,0,0,0,0,0
360608,360608,0,0,0,0,0,0
362867,362860,7,0,7,0,2,3
364400,364247,153,0,153,0,6,11
366547,366517,30,5,25,0,5,11
366817,366815,2,1,1,0,1,2
365143,365136,7,0,7,0,1,3
363355,363322,33,0,33,0,5,8
363258,363190,68,0,68,0,7,10
366429,366426,3,0,3,0,2,2
364569,364548,21,0,21,0,8,12
360052,360050,2,0,2,0,1,1
359487,359455,32,0,32,0,6,9
359390,359386,4,0,4,0,4,4
362972,362970,2,0,2,0,2,2
365343,365343,0,0,0,0,0,0
367849,367840,9,0,9,0,3,3
366280,366266,14,0,14,0,3,6
364763,364740,23,0,23,0,5,8
363671,358182,5489,0,5489,0,17,41
365729,365180,549,0,549,0,10,21
372849,372840,9,0,9,0,2,4
370511,370374,137,0,137,0,11,21
372821,372815,6,0,6,0,4,4
374668,373534,1134,12,1122,0,17,34
373419,372991,428,40,388,0,15,33
369272,368949,323,0,323,0,17,30
364259,364171,88,0,88,0,6,11
363766,363752,14,12,2,0,2,3
363291,363286,5,0,5,0,3,3
361666,361649,17,0,17,0,4,5
358742,358717,25,0,25,0,7,8
356632,356625,7,0,7,0,3,3
361164,356759,4405,37,4368,0,13,29
357459,357315,144,0,144,0,11,20
352776,352732,44,0,44,0,6,9
358092,358088,4,0,4,0,1,1
356184,356180,4,0,4,0,2,2
354584,354427,157,0,157,0,14,20
354809,354807,2,0,2,0,1,1
351483,351344,139,0,139,0,11,19
348417,348411,6,0,6,0,3,3
345309,345281,28,0,28,0,9,12
345261,345170,91,0,91,0,10,17
350174,349965,209,5,204,0,13,29
355700,355655,45,0,45,0,9,11
351498,350976,522,18,503,1,14,29
353986,353899,87,0,87,0,8,12
351416,350588,828,0,828,0,17,35
353309,353119,190,53,137,0,13,30
350472,350421,51,0,51,0,7,10
351655,351654,1,0,1,0,1,1
352484,352446,38,12,26,0,4,8
352218,352204,14,0,14,0,4,4
352555,352536,19,0,19,0,6,7
355080,354949,131,0,131,0,13,22
352711,352708,3,0,3,0,2,2
349490,349461,29,0,29,0,4,9
346042,346024,18,0,18,0,3,4
351658,351648,10,0,10,0,4,4
348835,348824,11,0,11,0,4,4
349473,349459,14,0,14,0,4,5
346714,346673,41,0,41,0,4,8
345109,345044,65,0,65,0,8,14
342421,342419,2,0,1,1,2,2
343370,343369,1,0,1,0,1,1
344804,344775,29,12,17,0,8,10
343729,343673,56,0,56,0,7,12
346669,346639,30,0,30,0,4,7
350441,350440,1,0,1,0,1,1
351979,351979,0,0,0,0,0,0
353491,353490,1,0,1,0,1,1
352557,352554,3,0,3,0,1,2
350110,350100,10,0,10,0,4,4
354448,354444,4,0,4,0,3,4
353436,353430,6,0,6,0,3,3
355236,355230,6,5,1,0,1,2
355719,355706,13,13,0,0,0,2
358486,358478,8,0,8,0,2,3
361173,361171,2,0,2,0,1,1
358554,358550,4,0,4,0,2,2
357424,357320,104,45,59,0,3,9
356901,356882,19,0,19,0,5,5
356140,356133,7,0,7,0,1,2
352513,352485,28,0,28,0,3,5
352794,352792,2,0,2,0,2,2
356284,356278,6,0,6,0,3,3
357154,357148,6,0,6,0,3,3
357486,357485,1,0,1,0,1,1
353811,353779,32,0,32,0,5,10
353378,353373,5,0,5,0,3,3
353662,353619,43,28,15,0,5,11
353354,353353,1,0,1,0,1,1
357139,357137,2,0,2,0,1,1
359361,359352,9,0,9,0,3,3
358408,358408,0,0,0,0,0,0
353611,353571,40,0,40,0,5,8
355314,355302,12,0,12,0,5,6
356191,356168,23,0,23,0,6,8
361794,361789,5,5,0,0,0,1
364935,364935,0,0,0,0,0,0
371548,371530,18,0,18,0,5,9
367257,367194,63,0,63,0,9,14
367630,367594,36,0,36,0,8,11
371844,371837,7,0,7,0,1,2
373292,373280,12,3,9,0,4,6
372142,372139,3,0,3,0,2,2
376187,376126,61,0,61,0,4,7
378014,378000,14,0,14,0,4,5
377734,377734,0,0,0,0,0,0
377156,377155,1,0,1,0,1,1
380347,380321,26,0,26,0,6,9
379881,379783,98,0,98,0,11,20
381587,381583,4,0,4,0,2,2
382067,382059,8,0,8,0,5,6
383343,383335,8,0,8,0,3,3
383038,382978,60,0,60,0,8,18
387373,387201,172,0,172,0,7,12
386547,386545,2,0,2,0,2,2
388255,388230,25,6,19,0,5,7
388640,388630,10,0,10,0,3,4
388335,388303,32,0,32,0,1,2
390350,390251,99,0,99,0,8,16
387981,387969,12,0,12,0,4,5
392021,392021,0,0,0,0,0,0
389236,389227,9,0,9,0,2,3
390985,390985,0,0,0,0,0,0
397241,397170,71,0,71,0,3,7
394319,394297,22,0,22,0,2,4
392595,392543,52,0,52,0,4,6
389782,389779,3,0,3,0,2,2
388769,388769,0,0,0,0,0,0
385822,385815,7,0,7,0,3,3
390342,390176,166,0,166,0,15,24
388048,387959,89,0,89,0,8,12
389977,389977,0,0,0,0,0,0
384311,384311,0,0,0,0,0,0
382299,382270,29,0,29,0,5,8
378357,378353,4,0,4,0,2,2
380854,380846,8,7,1,0,1,3
382186,382185,1,1,0,0,0,1
387038,386656,382,324,58,0,7,14
381078,381075,3,0,3,0,2,2
378872,378601,271,0,271,0,15,27
374891,374738,153,0,153,0,11,29
379948,379948,0,0,0,0,0,0
382845,382843,2,0,2,0,2,2
378791,378780,11,11,0,0,0,2
379159,379157,2,0,2,0,2,2
379218,379176,42,0,42,0,6,11
375479,375476,3,0,3,0,2,2
382372,382274,98,0,98,0,5,15
385054,385046,8,0,8,0,2,3
385000,384999,1,0,1,0,1,1
384853,384853,0,0,0,0,0,0
387103,387069,34,33,1,0,1,3
386263,386214,49,0,49,0,6,10
391472,391470,2,0,2,0,1,1
389745,389744,1,0,1,0,1,1
392680,392677,3,0,3,0,1,1
391906,391906,0,0,0,0,0,0
392100,392099,1,1,0,0,0,1
386431,386431,0,0,0,0,0,0
386092,386092,0,0,0,0,0,0
387672,387670,2,0,2,0,1,1
391985,391980,5,0,5,0,1,1
397073,397070,3,0,3,0,2,2
394737,394737,0,0,0,0,0,0
398657,398649,8,2,6,0,1,3
404170,404161,9,0,9,0,3,3
405984,405964,20,0,20,0,4,6
404340,404338,2,0,2,0,1,1
403518,403516,2,0,2,0,2,2
406797,406790,7,0,7,0,2,2
405465,405463,2,0,2,0,2,2
406353,406335,18,0,18,0,6,10
405161,405152,9,0,9,0,2,3
400993,400989,4,0,4,0,2,3
399590,399555,35,0,35,0,5,11
400229,400226,3,0,3,0,1,2
398420,398364,56,7,49,0,11,18
371684,371680,4,0,4,0,3,3
394192,394186,6,0,6,0,3,4
399901,399900,1,0,1,0,1,1
407077,407056,21,0,21,0,5,7
403326,403268,58,0,58,0,7,14
398727,398491,236,0,236,0,11,27
397112,397108,4,0,4,0,3,3
396662,396645,17,8,9,0,5,6
393394,393376,18,0,18,0,5,8
393715,393714,1,0,1,0,1,1
393328,393319,9,0,9,0,4,4
395594,395578,16,0,16,0,5,6
393251,393248,3,0,3,0,2,2
388569,388543,26,0,26,0,1,1
392066,392064,2,0,2,0,1,2
392322,392306,16,14,2,0,2,4
395636,395631,5,0,5,0,2,4
391744,391740,4,0,4,0,3,3
396724,396714,10,0,10,0,4,5
400519,400488,31,0,31,0,5,8
399367,399259,108,0,108,0,12,20
397140,397138,2,0,2,0,1,1
400683,400583,100,0,100,0,7,15
393304,389524,3780,0,3780,0,19,42
403747,403723,24,0,24,0,4,6
398864,398786,78,0,78,0,11,18
397925,397807,118,0,118,0,5,8
394955,394202,753,0,752,1,14,31
406172,406107,65,6,59,0,8,11
404320,404316,4,0,4,0,2,2
408495,408492,3,0,3,0,3,3
416346,416315,31,0,31,0,3,4
415910,415907,3,0,3,0,2,2
416557,416302,255,0,255,0,12,29
419378,419358,20,0,20,0,4,6
419132,419117,15,0,15,0,6,8
419699,419674,25,0,25,0,4,7
421811,421799,12,6,6,0,2,5
420203,420170,33,1,32,0,1,4
417524,417476,48,0,48,0,3,5
416363,416300,63,0,63,0,9,14
417772,417725,47,0,47,0,4,7
422843,422621,222,2,220,0,10,24
426385,426305,80,0,80,0,9,16
424655,424639,16,0,16,0,5,9
426346,426229,117,0,117,0,13,19
424833,424803,30,0,30,0,6,9
427694,427690,4,0,4,0,1,1
422066,422037,29,0,29,0,6,9
429765,429753,12,0,12,0,4,5
429206,429171,35,0,35,0,8,12
427018,427009,9,0,9,0,4,5
425258,425236,22,0,22,0,7,9
419784,419778,6,0,6,0,4,5
420968,420964,4,0,4,0,2,3
418019,417856,163,0,163,0,14,25
419493,419415,78,18,60,0,11,23
419778,419585,193,13,180,0,12,27
413818,413795,23,0,23,0,7,9
412620,412612,8,0,8,0,6,6
413957,413896,61,7,54,0,9,14
404346,404340,6,0,6,0,4,4
398649,398647,2,0,2,0,1,1
397294,397293,1,0,1,0,1,1
395895,395877,18,4,14,0,5,6
394550,394549,1,0,1,0,1,1
395732,395724,8,0,8,0,5,5
393235,393208,27,0,27,0,5,9
387991,387985,6,2,4,0,3,4
386967,386951,16,0,16,0,2,5
391720,391716,4,0,4,0,2,2
391124,391114,10,0,10,0,3,4
388702,388697,5,0,5,0,3,3
388488,388488,0,0,0,0,0,0
388915,388910,5,0,5,0,3,3
392320,392316,4,0,4,0,1,1
393058,393057,1,0,1,0,1,1
392060,392016,44,30,14,0,2,5
392966,392944,22,0,22,0,4,7
392076,392065,11,0,11,0,6,7
387444,387430,14,0,14,0,5,5
384021,384018,3,0,3,0,2,2
384939,384936,3,0,3,0,3,3
391293,391274,19,0,19,0,5,6
387188,387178,10,0,10,0,4,4
388873,388842,31,0,31,0,3,7
380629,380626,3,0,3,0,1,1
378579,378575,4,0,4,0,2,2
377167,377138,29,0,29,0,5,8
378996,378994,2,0,2,0,1,1
376376,376348,28,0,28,0,4,6
379795,379785,10,0,10,0,5,6
382834,382833,1,0,1,0,1,1
375635,375631,4,0,4,0,3,3
373013,372989,24,0,24,0,4,6
379342,379337,5,1,4,0,4,5
377084,377059,25,8,17,0,3,4
375952,375945,7,0,7,0,1,3
379979,379979,0,0,0,0,0,0
379973,379971,2,0,2,0,1,1
378522,378522,0,0,0,0,0,0
374748,374743,5,0,5,0,2,2
374865,374863,2,0,2,0,1,1
381213,381195,18,0,18,0,3,4
380958,380957,1,0,1,0,1,1
388123,387970,153,0,153,0,14,26
377634,377630,4,0,4,0,3,3
380943,380771,172,0,172,0,12,28
376298,376247,51,0,51,0,9,17
380546,380534,12,11,1,0,1,3
380517,380501,16,0,16,0,5,6
382186,382183,3,0,3,0,3,3
382395,382377,18,0,18,0,3,5
384266,384264,2,0,2,0,2,2
384807,384803,4,4,0,0,0,1
383692,383690,2,0,2,0,2,2
380319,380316,3,0,3,0,2,2
380962,380961,1,0,1,0,1,1
380640,380534,106,0,106,0,6,10
374135,374124,11,0,11,0,5,6
369276,369275,1,0,1,0,1,1
365794,365788,6,0,6,0,2,3
369896,369896,0,0,0,0,0,0
370999,370998,1,0,1,0,1,1
373175,373173,2,0,2,0,1,1
373434,373431,3,0,3,0,2,2
370242,370222,20,18,2,0,1,3
367702,367662,40,28,12,0,4,8
369087,368875,212,0,212,0,7,14
369284,369214,70,0,70,0,3,6
370141,370129,12,0,12,0,3,4
365966,365893,73,0,73,0,6,12
363798,363773,25,0,25,0,4,7
362500,362498,2,0,2,0,2,2
360390,360388,2,0,2,0,2,2
362555,362549,6,0,6,0,4,4
363765,363748,17,13,4,0,1,4
368737,368726,11,0,11,0,5,6
368595,368591,4,0,4,0,1,1
370448,370444,4,0,4,0,1,1
359360,359357,3,0,3,0,1,1
361247,361246,1,0,1,0,1,1
352012,352011,1,0,1,0,1,1
358545,358527,18,0,18,0,1,2
357673,357361,312,0,312,0,12,26
357587,357209,378,18,360,0,13,27
355419,355393,26,0,26,0,5,8
355040,354999,41,0,41,0,9,12
352761,352761,0,0,0,0,0,0
350770,350729,41,0,41,0,3,6
346553,346417,136,0,136,0,7,9
346311,346294,17,0,17,0,2,5
344979,344979,0,0,0,0,0,0
344720,344615,105,0,105,0,10,17
350508,350500,8,0,8,0,4,4
347202,347199,3,0,3,0,1,2
352032,352011,21,0,21,0,4,4
349868,349852,16,0,16,0,3,5
350562,350550,12,0,12,0,4,4
345302,345300,2,0,2,0,2,2
345327,345327,0,0,0,0,0,0
347288,347274,14,0,14,0,1,2
348480,348454,26,0,26,0,2,3
354608,354602,6,0,6,0,3,3
359012,359000,12,0,12,0,4,5
357070,357070,0,0,0,0,0,0
354550,354505,45,0,45,0,6,12
356966,356874,92,0,92,0,8,20
355369,355083,286,0,286,0,3,6
358710,358646,64,0,64,0,7,15
362980,362837,143,0,143,0,5,8
361069,360900,169,19,150,0,9,16
363666,363583,83,0,83,0,4,10
366923,366568,355,0,355,0,14,27
365293,365278,15,0,15,0,4,7
363825,363813,12,0,12,0,3,3
362386,362343,43,0,43,0,5,7
363613,363566,47,0,47,0,5,6
360441,360397,44,0,44,0,5,9
360417,360400,17,10,7,0,3,4
357693,357638,55,0,55,0,3,6
356302,356300,2,0,2,0,2,2
350350,350347,3,0,3,0,3,3
353044,353042,2,0,2,0,2,2
351281,351280,1,0,1,0,1,1
350575,350572,3,3,0,0,0,1
346236,346235,1,0,1,0,1,1
345320,345317,3,1,2,0,1,2
340159,340148,11,0,11,0,4,5
344745,344745,0,0,0,0,0,0
345551,345550,1,0,1,0,1,1
339905,339900,5,0,5,0,4,4
334733,334722,11,0,11,0,4,4
330969,330937,32,0,32,0,8,9
336848,336840,8,0,8,0,4,5
341590,341483,107,0,107,0,10,18
347885,347642,243,5,238,0,14,27
350948,350948,0,0,0,0,0,0
346608,339969,6639,0,6639,0,18,46
344723,344291,432,0,432,0,14,32
339527,339500,27,0,27,0,5,8
338268,338108,160,0,160,0,6,9
328323,328323,0,0,0,0,0,0
338439,338435,4,0,4,0,2,2
336035,335902,133,0,133,0,16,27
334933,334735,198,0,198,0,16,33
339787,339696,91,0,91,0,9,17
338963,338749,214,0,214,0,12,26
341913,341669,244,0,244,0,15,31
344725,344677,48,0,48,0,10,16
343543,343433,110,0,110,0,8,17
340482,340307,175,0,175,0,13,23
338947,338764,183,0,183,0,12,24
333920,333804,116,0,116,0,15,29
338361,338273,88,0,88,0,9,20
340102,339960,142,15,127,0,11,24
341507,341481,26,0,26,0,2,4
343666,343607,59,0,59,0,9,13
344875,344855,20,0,20,0,3,5
344857,344852,5,0,5,0,2,2
343059,342920,139,0,139,0,10,24
344317,344278,39,0,39,0,13,18
346713,346538,175,0,175,0,8,14
350728,350684,44,0,44,0,10,15
350482,350431,51,0,51,0,8,16
350672,350532,140,0,140,0,12,18
354834,354834,0,0,0,0,0,0
352835,352510,325,1,324,0,9,17
354304,354270,34,0,34,0,8,12
355364,355162,202,0,202,0,13,23
358460,358453,7,0,7,0,2,2
361496,361486,10,0,10,0,2,3
362605,362566,39,0,39,0,4,6
362609,362607,2,2,0,0,0,1
357784,357781,3,0,3,0,2,2
357021,357020,1,0,1,0,1,1
359396,359357,39,0,39,0,6,8
363360,363360,0,0,0,0,0,0
364553,364551,2,0,2,0,1,1
362845,362845,0,0,0,0,0,0
366206,366201,5,0,5,0,1,1
368328,368322,6,0,6,0,2,2
368090,368087,3,0,3,0,1,2
360103,360101,2,0,2,0,1,1
360147,360139,8,0,8,0,1,1
358863,358846,17,0,17,0,7,7
358022,358022,0,0,0,0,0,0
358277,358248,29,0,29,0,5,7
358961,358961,0,0,0,0,0,0
357362,357239,123,0,123,0,4,9
357746,357723,23,0,23,0,3,4
355140,355139,1,0,1,0,1,1
358056,358042,14,0,14,0,3,3
354145,354144,1,0,1,0,1,1
354098,354025,73,0,73,0,11,17
354127,354121,6,0,6,0,1,1
354049,353880,169,0,169,0,11,25
354093,354093,0,0,0,0,0,0
351609,351556,53,0,53,0,11,17
349348,349346,2,0,2,0,2,2
349928,349900,28,4,24,0,7,11
346662,346656,6,2,4,0,3,4
351681,351639,42,2,40,0,5,10
352556,352552,4,0,4,0,3,3
356676,356663,13,6,7,0,1,3
353786,353738,48,0,48,0,7,13
354489,354443,46,0,46,0,7,14
350908,350907,1,0,1,0,1,1
350941,350940,1,0,1,0,1,1
350097,350096,1,0,1,0,1,1
349751,349743,8,1,7,0,4,6
356530,356524,6,0,6,0,3,4
355224,355206,18,17,1,0,1,4
354291,354286,5,0,5,0,2,2
355226,355219,7,0,7,0,3,3
350667,350662,5,0,5,0,2,2
353323,353320,3,0,3,0,2,2
358633,358622,11,0,11,0,3,4
358377,358367,10,0,10,0,2,2
355164,355129,35,0,35,0,6,8
362117,362047,70,0,70,0,12,14
361673,361670,3,0,3,0,2,2
360094,358888,1206,0,1206,0,17,35
358764,358749,15,0,15,0,5,6
354642,354309,333,3,330,0,14,28
356168,356158,10,0,10,0,7,8
356971,356851,120,0,120,0,10,15
357621,357529,92,0,92,0,13,25
358925,358854,71,8,63,0,10,15
361440,361427,13,0,13,0,4,4
357833,357828,5,0,5,0,3,3
358381,358380,1,0,1,0,1,1
357579,357540,39,0,39,0,7,9
352708,352630,78,0,78,0,11,18
357496,357468,28,0,28,0,4,7
358535,358512,23,0,23,0,4,6
356654,356576,78,0,78,0,13,23
354986,354983,3,0,3,0,3,3
355589,355547,42,0,42,0,5,12
358300,358286,14,0,14,0,4,5
355333,355282,51,0,51,0,5,11
350572,350570,2,0,2,0,1,2
351265,351249,16,12,4,0,4,6
349426,349420,6,4,2,0,1,2
353261,353244,17,4,13,0,4,7
349956,349955,1,0,1,0,1,1
347806,347782,24,10,14,0,3,5
347979,347979,0,0,0,0,0,0
343840,343796,44,0,44,0,8,9
331039,331036,3,0,3,0,1,1
349099,349096,3,0,3,0,2,3
345262,345259,3,0,3,0,1,1
345657,345643,14,0,14,0,4,4
342867,342867,0,0,0,0,0,0
340492,340489,3,0,3,0,2,2
337566,337564,2,0,2,0,2,2
340120,340116,4,2,2,0,2,3
342176,342176,0,0,0,0,0,0
343769,343760,9,0,9,0,2,2
345962,345959,3,0,3,0,2,2
349343,349342,1,0,1,0,1,1
353564,353564,0,0,0,0,0,0
354070,354055,15,0,15,0,7,7
349713,349665,48,0,48,0,4,8
344670,344629,41,39,2,0,1,5
348749,348680,69,0,69,0,8,14
346472,346355,117,0,117,0,10,24
345739,345646,93,0,93,0,12,21
342737,342599,138,0,138,0,11,20
345797,345731,66,4,62,0,11,20
350837,350705,132,0,132,0,8,17
355983,355791,192,0,192,0,14,34
356226,355959,267,0,267,0,15,35
361466,361349,117,0,117,0,14,25
365111,364892,219,0,219,0,14,32
365003,364945,58,0,58,0,9,16
359763,359613,150,0,150,0,13,30
363037,362965,72,0,72,0,8,18
368426,368341,85,0,85,0,11,20
362251,362231,20,0,20,0,8,10
363186,363175,11,0,11,0,4,5
363466,363466,0,0,0,0,0,0
361684,361683,1,0,1,0,1,1
355679,355674,5,0,5,0,2,2
358480,358480,0,0,0,0,0,0
366030,366027,3,0,3,0,1,1
366698,366685,13,0,13,0,3,4
361419,361416,3,0,3,0,1,1
360801,360801,0,0,0,0,0,0
359340,359340,0,0,0,0,0,0
359291,359290,1,0,1,0,1,1
362075,362062,13,0,13,0,1,2
367205,367184,21,0,21,0,3,5
362122,362119,3,0,3,0,1,2
360169,360139,30,0,30,0,7,8
359801,359361,440,0,440,0,15,38
359117,359023,94,0,94,0,9,16
360222,360211,11,0,11,0,2,4
361598,361573,25,0,25,0,6,8
362367,362357,10,0,10,0,3,3
364679,364669,10,0,10,0,4,5
365376,365376,0,0,0,0,0,0
365028,365028,0,0,0,0,0,0
366207,366207,0,0,0,0,0,0
366091,366075,16,3,13,0,2,6
365936,365936,0,0,0,0,0,0
371837,371836,1,0,1,0,1,1
370216,370216,0,0,0,0,0,0
366832,366824,8,7,1,0,1,2
364715,364699,16,0,16,0,3,4
360121,360120,1,0,1,0,1,1
358130,358130,0,0,0,0,0,0
358706,358617,89,0,89,0,7,15
355979,355978,1,0,1,0,1,1
346997,346977,20,0,20,0,6,11
342813,342760,53,0,53,0,7,9
350640,350636,4,0,4,0,3,3
358146,358121,25,0,25,0,5,8
358395,358347,48,0,48,0,5,8
358227,358218,9,7,2,0,1,2
362109,362062,47,0,47,0,4,5
357998,357987,11,7,4,0,1,3
354392,354383,9,0,9,0,3,4
358719,358709,10,0,10,0,4,4
361204,361204,0,0,0,0,0,0
368286,368274,12,2,10,0,3,5
371686,371681,5,4,1,0,1,3
372448,372445,3,0,3,0,1,1
364629,364629,0,0,0,0,0,0
362853,362851,2,0,2,0,1,1
367718,367713,5,0,5,0,4,4
373119,373113,6,0,6,0,3,4
369230,369206,24,0,24,0,5,7
369036,369027,9,0,9,0,5,5
370438,370432,6,0,6,0,3,3
373278,373268,10,0,10,0,2,2
370495,370495,0,0,0,0,0,0
370121,370120,1,0,1,0,1,1
368012,368012,0,0,0,0,0,0
373982,373878,104,3,101,0,9,19
374646,374573,73,0,73,0,7,14
378799,378778,21,0,21,0,2,2
379434,379077,357,82,275,0,14,29
375622,375524,98,13,85,0,2,7
373420,373172,248,0,248,0,12,28
371499,371484,15,0,15,0,4,8
378724,378458,266,0,266,0,14,26
380039,380037,2,0,2,0,2,2
380929,380929,0,0,0,0,0,0
389414,389064,350,0,350,0,15,28
393618,393607,11,0,11,0,3,3
398728,398618,110,0,110,0,5,10
397489,397468,21,3,18,0,7,11
406247,406224,23,0,23,0,6,9
405617,405450,167,0,167,0,11,22
402020,402002,18,0,18,0,6,8
406743,406742,1,0,1,0,1,1
408522,408487,35,0,35,0,4,7
411017,410994,23,3,20,0,5,6
419391,419387,4,0,4,0,3,3
409529,409502,27,0,27,0,7,10
393629,393595,34,30,4,0,2,5
409726,409714,12,0,12,0,5,7
407603,407601,2,0,2,0,1,1
413089,413032,57,0,57,0,6,9
413358,413254,104,0,104,0,15,24
414620,414443,177,0,177,0,9,23
414900,414852,48,2,46,0,4,8
420510,420458,52,0,52,0,9,12
428074,427974,100,0,100,0,12,18
430561,430421,140,0,140,0,12,19
429720,429687,33,0,33,0,10,14
433060,432535,525,0,525,0,16,35
433285,433272,13,4,9,0,2,5
442271,442165,106,0,106,0,14,24
445991,445980,11,0,11,0,5,6
454130,454127,3,2,1,0,1,2
456412,456372,40,0,40,0,3,5
458690,458690,0,0,0,0,0,0
458352,458298,54,0,54,0,4,4
465056,465056,0,0,0,0,0,0
464096,464094,2,0,2,0,1,1
473176,473173,3,0,3,0,1,1
471540,471540,0,0,0,0,0,0
471950,471903,47,0,47,0,7,9
472343,472271,72,0,72,0,8,15
466723,466689,34,0,34,0,2,4
467822,467813,9,0,9,0,4,4
466912,466871,41,0,41,0,6,8
464614,464614,0,0,0,0,0,0
449463,449453,10,8,2,0,2,4
446766,446751,15,0,15,0,4,5
442411,442399,12,0,12,0,6,7
430305,430295,10,5,5,0,4,6
426159,426153,6,0,6,0,2,3
414568,414507,61,0,61,0,8,12
410731,408939,1792,0,1792,0,17,43
407778,407774,4,0,4,0,2,2
398804,397489,1315,0,1315,0,12,29
1075663,1024606,51057,0,51057,0,14,36
1048133,1047501,632,0,632,0,10,19
1070262,1066762,3500,0,3500,0,16,42
1057718,1057155,563,0,563,0,15,25
1044621,1043640,981,0,981,0,13,28
1042781,1042566,215,0,215,0,5,10
1012286,1012282,4,0,4,0,3,3
1012638,1012373,265,0,265,0,12,26
1000260,1000166,94,0,94,0,8,14
978045,977149,896,2,894,0,13,24
965270,956289,8981,0,8981,0,19,42
960780,960732,48,0,48,0,3,5
941128,941054,74,0,74,0,6,11
927481,926846,635,0,635,0,19,33
905407,904539,868,0,868,0,17,32
891179,891138,41,29,12,0,2,5
884530,883951,579,0,579,0,14,28
874212,873883,329,33,296,0,12,24
862627,862489,138,0,138,0,7,10
848422,847932,490,0,490,0,17,37
830043,829254,789,0,789,0,19,43
811039,810822,217,0,217,0,12,20
810346,809896,450,0,450,0,16,36
787956,787860,96,0,96,0,5,10
782823,782715,108,0,108,0,9,16
