coverage,wt.counts,mut.count,s.count,ns.count,stp.count,aa.sampled,codons.sampled
2196567,2191781,4786,0,4621,165,19,54
2210565,2207846,2719,0,2644,75,20,52
2196834,2194112,2722,0,2693,29,20,53
2191567,2187731,3836,0,3751,85,19,53
2144988,2140496,4492,0,4364,128,20,54
2197392,2192428,4964,154,4788,22,20,54
2211353,2206251,5102,0,4906,196,19,54
2212647,2205852,6795,0,6677,118,19,54
2195436,2191287,4149,0,4061,88,17,52
2227103,2223429,3674,0,3470,204,20,54
2209778,2205373,4405,0,4311,94,19,54
2237596,2234609,2987,0,2961,26,20,52
2072968,2068759,4209,0,4040,169,19,54
2050235,2047584,2651,0,2614,37,19,52
2030498,2024057,6441,0,6319,122,20,54
2033130,2030496,2634,142,2435,57,18,54
1976088,1974011,2077,0,1995,82,19,46
1283047,1281553,1494,0,1479,15,19,52
1322052,1320167,1885,0,1842,43,20,54
1342989,1341742,1247,100,1075,72,20,48
1367505,1366638,867,0,851,16,17,44
1369166,1368652,514,0,498,16,15,36
1396109,1395596,513,16,494,3,18,37
1416556,1415053,1503,0,1447,56,19,51
1433460,1431746,1714,0,1659,55,19,52
1449771,1448215,1556,0,1523,33,19,51
1490924,1488474,2450,0,2444,6,20,54
1481621,1479309,2312,0,2201,111,20,54
1491005,1488343,2662,0,2609,53,19,53
1491178,1488387,2791,0,2617,174,19,54
1487014,1484919,2095,0,2034,61,19,54
1420812,1419067,1745,0,1696,49,20,51
1437281,1435846,1435,0,1414,21,19,52
1427045,1425217,1828,0,1818,10,18,52
1446740,1444612,2128,0,2067,61,18,52
1459863,1458624,1239,0,1163,76,20,51
1405398,1403889,1509,0,1431,78,19,52
1395156,1393939,1217,47,1101,69,20,51
1409979,1408512,1467,0,1420,47,18,53
1395383,1393292,2091,36,2051,4,20,54
1404514,1403071,1443,0,1406,37,20,51
1408967,1408454,513,0,505,8,17,44
1412803,1411409,1394,4,1378,12,18,50
1393800,1392682,1118,0,1098,20,18,50
1385296,1383505,1791,0,1667,124,19,51
1375757,1372161,3596,0,3487,109,20,54
1383060,1380430,2630,0,2540,90,20,54
1355385,1352262,3123,0,3028,95,19,53
1356765,1354941,1824,0,1797,27,18,52
1344029,1343152,877,0,866,11,20,45
1340635,1339194,1441,0,1355,86,19,50
1316864,1314249,2615,0,2558,57,18,54
1322016,1319540,2476,0,2301,175,20,54
1300085,1298997,1088,0,994,94,20,47
1290292,1288308,1984,0,1961,23,18,50
1281645,1280084,1561,0,1544,17,20,53
1275404,1274331,1073,0,993,80,19,52
1269718,1268220,1498,0,1465,33,18,48
1254925,1253379,1546,0,1513,33,19,51
1234239,1232016,2223,0,2086,137,19,52
1247061,1244750,2311,0,2232,79,19,54
1226006,1224458,1548,0,1436,112,19,51
1213065,1212284,781,0,766,15,16,37
1200379,1198721,1658,72,1576,10,20,53
1162915,1160146,2769,47,2678,44,20,54
1145617,1144246,1371,0,1328,43,20,53
1138036,1136514,1522,0,1498,24,20,53
1141734,1139996,1738,47,1627,64,20,53
1120105,1117888,2217,0,2195,22,19,54
1110922,1109302,1620,28,1548,44,19,52
1118556,1117538,1018,0,936,82,19,48
1125879,1124724,1155,0,1131,24,19,50
1120082,1119811,271,0,269,2,16,31
1102370,1101021,1349,0,1293,56,19,53
1098606,1097455,1151,0,1107,44,19,49
1092522,1090882,1640,0,1604,36,19,53
1092914,1090747,2167,0,2114,53,19,51
1077069,1075100,1969,0,1946,23,19,53
1056951,1054771,2180,99,2052,29,20,53
1046687,1044913,1774,0,1664,110,19,53
1038821,1037050,1771,54,1691,26,18,49
1029759,1028417,1342,0,1322,20,20,53
1035491,1033877,1614,102,1471,41,20,53
1039461,1037827,1634,40,1589,5,19,52
1042922,1040963,1959,0,1898,61,19,54
1049141,1046283,2858,0,2703,155,20,54
1055244,1053629,1615,42,1571,2,19,51
1058908,1057086,1822,0,1789,33,20,51
1067276,1066319,957,0,939,18,18,47
1065202,1064128,1074,35,1028,11,19,51
1062406,1061146,1260,0,1226,34,20,50
1074550,1073241,1309,0,1217,92,19,51
1075717,1073942,1775,0,1668,107,19,49
1070374,1068959,1415,0,1378,37,20,52
1072344,1070391,1953,0,1896,57,19,53
1069088,1067385,1703,0,1666,37,19,54
1071096,1069942,1154,0,1117,37,19,51
1080087,1079491,596,0,555,41,20,40
1071145,1070201,944,0,907,37,19,51
1057769,1056583,1186,0,1069,117,19,50
1056133,1054851,1282,0,1205,77,19,51
1049956,1048411,1545,0,1482,63,19,50
1040005,1038889,1116,0,1075,41,20,50
1025521,1023427,2094,0,2079,15,20,52
1015712,1014183,1529,0,1518,11,20,50
1001906,1000765,1141,0,1113,28,20,48
1029582,1028521,1061,0,1050,11,19,45
1020392,1019140,1252,0,1244,8,20,51
1014099,1012857,1242,0,1212,30,18,50
1018080,1016846,1234,0,1224,10,20,47
1019578,1017998,1580,3,1546,31,19,51
1008723,1007372,1351,0,1316,35,18,50
1000826,999024,1802,0,1739,63,19,51
1028042,1027030,1012,106,904,2,19,48
1036566,1035251,1315,0,1311,4,18,47
1036959,1035717,1242,0,1120,122,20,50
1046419,1044964,1455,0,1428,27,20,51
1053108,1051705,1403,0,1366,37,20,54
1063011,1061763,1248,0,1237,11,19,50
1079190,1078144,1046,0,997,49,16,44
1063476,1061471,2005,0,1952,53,19,53
1066142,1065057,1085,0,1051,34,20,47
1066250,1065126,1124,0,1068,56,20,52
1083285,1082160,1125,0,1108,17,17,49
1079887,1078869,1018,0,990,28,19,49
1079829,1079185,644,0,629,15,18,42
1085469,1083613,1856,0,1705,151,19,52
1098264,1097131,1133,0,1065,68,19,48
1096173,1095326,847,0,822,25,20,46
1091299,1089757,1542,0,1512,30,19,53
1085492,1084093,1399,34,1331,34,17,46
1087225,1086172,1053,0,1020,33,20,52
1077795,1076640,1155,0,1155,0,18,50
1076754,1075809,945,0,894,51,20,49
1065863,1064775,1088,10,1067,11,19,48
1043647,1042842,805,0,754,51,18,48
1043745,1043206,539,4,478,57,20,47
1045572,1044792,780,0,755,25,17,42
1049078,1048422,656,0,654,2,17,44
1052107,1051681,426,0,426,0,18,32
1053724,1052980,744,0,710,34,18,46
1036254,1035586,668,0,662,6,17,44
1036584,1036141,443,0,438,5,18,34
1058262,1057609,653,16,633,4,19,45
1064114,1063366,748,0,730,18,20,45
1071219,1070871,348,0,327,21,16,34
1068639,1068419,220,0,213,7,14,27
1072255,1071575,680,0,668,12,19,46
1058607,1057352,1255,0,1249,6,19,51
1053805,1052917,888,0,886,2,18,49
1047461,1046597,864,10,835,19,18,44
1042717,1042055,662,0,616,46,19,45
1023286,1022490,796,0,766,30,18,43
1016996,1015607,1389,0,1271,118,20,49
1028299,1027329,970,60,902,8,17,49
1015191,1014230,961,23,935,3,18,48
1004434,1003605,829,0,815,14,18,49
990134,989162,972,18,942,12,19,53
987122,986159,963,0,955,8,19,44
977474,976854,620,0,616,4,16,38
983383,982660,723,0,714,9,17,42
987434,986276,1158,0,1136,22,19,45
975941,974662,1279,0,1261,18,18,48
968896,968015,881,0,858,23,17,49
968857,967593,1264,0,1239,25,17,48
979699,978266,1433,0,1402,31,19,52
980847,979448,1399,0,1361,38,19,47
959619,958927,692,0,662,30,18,44
964563,963398,1165,0,1162,3,19,51
953083,951703,1380,41,1325,14,19,52
953198,952334,864,0,845,19,19,48
949158,947945,1213,4,1189,20,20,49
945654,944772,882,0,843,39,20,48
944011,942871,1140,0,1121,19,19,51
961832,961309,523,0,521,2,19,43
967469,966505,964,0,877,87,20,52
960502,959655,847,0,819,28,20,46
944254,943406,848,0,831,17,19,46
949422,948830,592,0,563,29,18,47
953801,953398,403,0,403,0,16,37
945622,945140,482,0,463,19,16,41
941613,941025,588,0,557,31,19,43
935285,934692,593,0,585,8,17,43
934824,934272,552,12,482,58,17,41
938295,937875,420,0,420,0,14,36
943205,942830,375,0,361,14,16,34
947357,947041,316,0,297,19,17,35
947420,947048,372,0,372,0,16,34
934035,933067,968,0,958,10,20,47
930602,929154,1448,0,1428,20,19,40
948564,947509,1055,62,961,32,17,46
942852,941941,911,7,889,15,20,49
928791,927702,1089,0,1080,9,20,50
917648,916781,867,0,834,33,19,50
921923,921400,523,0,515,8,19,49
928822,928048,774,0,734,40,20,49
919026,918092,934,0,903,31,20,49
906823,905462,1361,0,1356,5,19,53
905311,904814,497,0,480,17,20,47
905715,904708,1007,0,992,15,18,47
900335,899833,502,0,439,63,18,44
905603,905112,491,0,475,16,19,44
913888,913454,434,0,412,22,17,37
906076,905714,362,0,320,42,18,39
897204,896694,510,0,500,10,18,38
899598,898365,1233,18,1195,20,19,49
918849,918381,468,0,466,2,16,38
907257,906747,510,0,498,12,17,42
925926,925320,606,0,587,19,20,50
928671,928247,424,0,379,45,20,45
934382,933657,725,23,664,38,18,49
938737,937276,1461,120,1303,38,20,52
930675,929492,1183,0,1131,52,18,45
921369,920318,1051,0,1033,18,19,49
924487,924096,391,12,377,2,16,31
921691,921164,527,0,516,11,19,41
917026,916586,440,0,425,15,19,47
901626,901091,535,0,535,0,19,36
913081,912652,429,0,424,5,18,45
916997,916214,783,90,652,41,20,48
908717,907815,902,0,892,10,18,45
900173,899785,388,0,360,28,18,39
895317,895198,119,0,119,0,9,16
906649,906148,501,0,420,81,19,43
912905,912112,793,0,781,12,19,43
909350,908804,546,0,544,2,18,38
899700,899503,197,0,196,1,13,23
900560,900144,416,0,401,15,19,41
903346,902470,876,0,854,22,20,48
910701,910206,495,0,487,8,17,42
913436,912681,755,14,714,27,20,46
914004,913300,704,0,662,42,19,50
923704,922776,928,31,866,31,20,50
916292,915412,880,0,844,36,19,50
904189,903833,356,0,355,1,18,39
912261,910902,1359,74,1273,12,17,54
917459,916607,852,0,827,25,20,47
917142,916399,743,0,741,2,18,50
905573,904791,782,44,698,40,17,46
900348,899537,811,0,766,45,17,47
908676,907802,874,0,863,11,19,45
906115,905370,745,0,733,12,20,48
899849,898971,878,0,848,30,18,49
898441,897107,1334,0,1292,42,20,53
903506,902472,1034,0,1008,26,18,48
895052,894115,937,0,903,34,18,50
896907,896162,745,0,718,27,18,44
867235,866400,835,0,808,27,17,45
860388,859151,1237,0,1195,42,19,49
858688,857326,1362,0,1288,74,19,48
855925,855300,625,0,602,23,20,49
853313,853060,253,0,253,0,13,30
852882,851874,1008,33,936,39,20,52
859568,859120,448,0,425,23,19,42
869488,869048,440,0,412,28,17,39
877971,877605,366,0,345,21,20,40
886430,885700,730,0,711,19,20,47
880273,879716,557,0,540,17,18,46
887036,885977,1059,0,994,65,19,50
890746,889897,849,0,847,2,19,51
887186,886211,975,0,930,45,19,50
900336,899429,907,0,891,16,18,49
906651,905864,787,17,751,19,19,50
908833,908192,641,11,607,23,20,46
914856,914171,685,0,614,71,19,52
915569,915046,523,0,485,38,15,43
917818,917325,493,0,486,7,16,40
917750,916664,1086,109,942,35,20,49
920331,919302,1029,0,1008,21,20,49
921009,919987,1022,0,979,43,20,51
913750,913316,434,0,426,8,18,42
915237,914594,643,0,620,23,18,45
921452,921078,374,0,361,13,16,37
927384,926771,613,0,601,12,18,42
932220,931546,674,0,671,3,20,52
918895,918433,462,0,452,10,19,43
917153,916693,460,0,445,15,17,43
927027,926535,492,56,427,9,18,42
928333,927936,397,0,390,7,15,34
924912,924379,533,0,529,4,19,44
925642,924938,704,0,661,43,18,48
924988,924559,429,0,422,7,17,37
922105,921627,478,0,462,16,18,43
913541,912929,612,0,600,12,19,44
921204,920530,674,0,654,20,20,47
920321,919833,488,42,438,8,18,44
927525,927163,362,0,351,11,17,33
932419,931475,944,0,920,24,18,47
933023,932416,607,0,588,19,18,48
932809,932138,671,0,655,16,19,47
945836,945241,595,0,584,11,18,45
950061,949478,583,21,523,39,20,49
955554,954887,667,0,658,9,18,46
954450,953385,1065,0,1035,30,20,52
949969,949454,515,0,472,43,17,40
945732,944903,829,0,818,11,19,50
956717,955987,730,0,710,20,20,49
960692,959673,1019,0,938,81,20,53
968560,967705,855,0,811,44,20,49
959747,958762,985,5,954,26,20,49
961438,960501,937,0,930,7,19,52
956292,954667,1625,0,1624,1,20,54
966697,965469,1228,0,1172,56,19,50
964019,963163,856,0,807,49,20,44
971073,970487,586,0,560,26,19,48
972398,971519,879,49,818,12,20,49
977448,976490,958,0,921,37,19,47
977590,976754,836,0,826,10,19,45
982760,981853,907,0,907,0,16,47
989287,988264,1023,0,937,86,18,48
986022,984898,1124,0,1106,18,20,53
992570,992170,400,0,397,3,19,41
989684,988235,1449,0,1396,53,19,52
991045,989847,1198,0,1141,57,19,51
997119,996066,1053,0,999,54,19,52
992574,991697,877,0,851,26,19,52
988335,987251,1084,0,1057,27,20,48
981882,980935,947,0,873,74,20,51
990261,989596,665,0,609,56,19,49
993398,992343,1055,0,1030,25,19,50
994270,993355,915,0,858,57,20,49
992587,991848,739,0,722,17,17,47
987524,986634,890,0,883,7,18,52
968903,968165,738,0,699,39,19,48
970715,969361,1354,0,1297,57,19,53
965180,964347,833,16,809,8,19,49
974166,973220,946,21,873,52,20,51
971403,970397,1006,97,909,0,18,51
967178,966373,805,0,786,19,20,43
959753,958999,754,0,741,13,19,52
970119,969342,777,0,767,10,19,45
966260,965551,709,0,709,0,16,45
960854,959898,956,0,876,80,20,52
974804,973837,967,37,930,0,18,49
988125,986638,1487,0,1444,43,20,53
980610,978905,1705,0,1623,82,20,54
989062,987669,1393,0,1326,67,19,51
998364,997278,1086,0,1051,35,19,51
1006387,1004572,1815,0,1768,47,19,50
1003615,1002799,816,0,778,38,20,46
998696,998101,595,0,583,12,19,47
996923,996338,585,28,540,17,17,40
1001344,1000413,931,0,916,15,19,52
1000635,999251,1384,0,1342,42,18,51
1004632,1003708,924,0,894,30,18,47
1002481,1000824,1657,14,1596,47,19,52
1017147,1015938,1209,0,1161,48,20,52
1009161,1008785,376,29,347,0,17,38
1005758,1005127,631,0,575,56,17,47
1008901,1008291,610,0,590,20,16,40
1023199,1022010,1189,0,1149,40,20,54
1032004,1030442,1562,0,1539,23,19,53
1038999,1038251,748,57,691,0,19,48
1042914,1042264,650,0,648,2,20,46
1054564,1053878,686,3,642,41,19,48
1068269,1067571,698,0,624,74,20,50
1081336,1080368,968,0,869,99,19,53
1073427,1072540,887,0,845,42,20,45
1079820,1078549,1271,0,1249,22,19,48
1072709,1071799,910,0,910,0,19,49
1066976,1065843,1133,0,1057,76,19,51
1074711,1073400,1311,0,1223,88,20,52
1085419,1084691,728,0,663,65,19,43
1079131,1078247,884,0,874,10,20,46
1070905,1069925,980,0,915,65,18,45
1069277,1069082,195,0,195,0,13,26
1081100,1080998,102,12,89,1,12,21
1050267,1049897,370,0,338,32,18,40
1076664,1075612,1052,0,998,54,20,50
1072930,1072292,638,0,621,17,18,43
1068772,1067941,831,0,817,14,18,49
1076323,1075537,786,0,782,4,19,46
1068689,1067819,870,0,859,11,19,49
1067719,1066904,815,0,806,9,18,45
1067282,1066277,1005,22,976,7,17,49
1074674,1073771,903,0,891,12,18,49
1070465,1069521,944,0,942,2,19,47
1063921,1063203,718,0,702,16,18,45
1056488,1055596,892,0,888,4,20,52
1059755,1058398,1357,0,1340,17,19,49
1059255,1058043,1212,0,1205,7,18,48
1056681,1056198,483,0,474,9,16,44
1061039,1060268,771,27,741,3,19,47
1052191,1051448,743,0,705,38,19,47
1059979,1059558,421,0,421,0,18,39
1068499,1067822,677,0,664,13,20,43
1080028,1079491,537,0,524,13,17,40
1081723,1081160,563,0,555,8,18,46
1081848,1081326,522,0,502,20,19,46
1066500,1065192,1308,0,1207,101,19,50
1076777,1075444,1333,0,1333,0,19,51
1072422,1071752,670,0,651,19,19,48
1073486,1072653,833,0,833,0,13,41
1072384,1071899,485,0,477,8,18,41
1078144,1077247,897,0,887,10,18,50
1082818,1081810,1008,42,961,5,20,52
1091672,1090598,1074,0,1034,40,19,53
1100793,1099212,1581,0,1578,3,18,51
1109148,1108400,748,0,703,45,20,49
1114910,1113853,1057,0,1052,5,18,49
1125392,1124559,833,0,824,9,18,49
1126763,1125986,777,0,719,58,18,45
1122059,1120992,1067,0,1018,49,20,53
1132168,1131592,576,0,563,13,15,36
1130357,1129956,401,30,363,8,19,36
1129421,1128964,457,35,359,63,18,40
1128127,1127957,170,0,164,6,15,28
1121052,1120845,207,0,206,1,14,27
1123033,1122296,737,0,730,7,20,51
1136727,1135940,787,13,687,87,19,47
1160826,1159829,997,0,992,5,19,46
1160572,1159125,1447,0,1426,21,19,52
1157438,1156726,712,0,704,8,19,46
1166761,1166494,267,0,264,3,18,33
1142376,1141535,841,0,816,25,20,47
1146807,1146130,677,0,668,9,17,43
1147464,1146356,1108,0,1046,62,20,53
1153771,1152896,875,0,832,43,20,47
1153315,1152396,919,0,861,58,19,49
1153585,1152750,835,0,813,22,17,43
1146420,1145435,985,0,965,20,20,47
1142564,1141515,1049,0,1014,35,19,50
1167054,1165445,1609,0,1564,45,20,52
1172430,1170382,2048,20,2021,7,20,54
1146259,1145247,1012,58,941,13,20,50
1141799,1140551,1248,0,1211,37,20,50
1142636,1141546,1090,0,1020,70,19,47
1133724,1133148,576,26,538,12,18,43
1122881,1122212,669,0,655,14,17,40
1101482,1100756,726,0,705,21,17,41
1104214,1103551,663,2,632,29,18,46
1105298,1104461,837,0,799,38,20,48
1094382,1093514,868,0,854,14,20,48
1075054,1074089,965,0,953,12,19,51
1084674,1083551,1123,0,1012,111,18,50
1084100,1083314,786,39,723,24,17,51
1087150,1086409,741,0,716,25,18,46
1088235,1087184,1051,0,1033,18,20,51
1094448,1093630,818,0,818,0,18,47
1089598,1089019,579,0,552,27,19,45
1083669,1083234,435,0,411,24,18,38
1098296,1097671,625,0,614,11,18,39
1097960,1097275,685,17,668,0,18,49
1090328,1090065,263,0,257,6,15,30
1092743,1092032,711,13,684,14,19,38
1101705,1100724,981,0,913,68,19,49
1095027,1093862,1165,0,1132,33,17,50
1094438,1093828,610,1,599,10,18,43
1097904,1097010,894,0,809,85,19,47
1095116,1094088,1028,0,967,61,18,49
1096786,1095650,1136,0,1093,43,19,53
1089326,1088124,1202,0,1114,88,20,52
1065431,1064086,1345,0,1296,49,18,52
1070884,1070211,673,0,665,8,19,44
1058037,1057438,599,51,543,5,19,44
1055679,1055231,448,0,441,7,16,38
1045334,1044767,567,0,505,62,18,43
1046554,1045771,783,0,749,34,20,47
1056975,1055920,1055,0,1010,45,19,52
1053690,1052116,1574,0,1545,29,19,52
1053478,1052433,1045,0,1018,27,18,50
1035108,1034068,1040,0,984,56,19,47
1031048,1030010,1038,13,948,77,19,48
1042577,1041890,687,16,637,34,17,46
1036944,1036263,681,0,626,55,20,44
1028783,1028391,392,0,392,0,18,41
1034166,1033524,642,1,639,2,20,46
1042820,1042395,425,0,400,25,18,40
1045047,1044678,369,0,366,3,18,37
1049218,1048724,494,0,471,23,19,39
1053887,1053051,836,0,809,27,20,44
1059405,1059053,352,0,352,0,17,36
1041944,1041498,446,0,445,1,18,41
1052809,1051583,1226,0,1138,88,20,52
1061988,1061156,832,0,813,19,19,50
1049281,1048131,1150,0,1145,5,19,52
1040467,1039791,676,19,643,14,18,42
1044771,1043877,894,0,862,32,19,47
1055903,1055050,853,0,818,35,19,52
1056097,1055518,579,0,562,17,16,39
1050175,1049447,728,0,682,46,19,43
1043231,1042639,592,17,571,4,19,42
1047715,1047107,608,0,569,39,19,47
1040822,1040230,592,0,551,41,20,47
1040229,1039742,487,0,474,13,14,43
1034551,1033323,1228,0,1183,45,19,52
1029494,1028364,1130,0,1095,35,19,48
1019863,1019075,788,0,778,10,19,48
1012965,1011762,1203,0,1172,31,19,51
998657,997937,720,0,673,47,18,44
1008761,1008180,581,0,549,32,18,43
1011135,1010157,978,19,889,70,20,51
1014607,1013583,1024,0,985,39,19,53
999632,998294,1338,35,1266,37,20,51
1005740,1004677,1063,93,941,29,20,49
1012539,1010810,1729,0,1712,17,19,52
1010986,1010232,754,0,743,11,19,48
1001056,1000453,603,4,556,43,19,45
1013352,1012723,629,0,624,5,19,42
997002,996496,506,0,462,44,19,46
984042,983171,871,0,841,30,20,51
985088,984215,873,0,873,0,18,51
986892,986519,373,0,343,30,19,46
990011,989507,504,30,449,25,18,41
1001992,1000681,1311,0,1249,62,19,52
1011041,1010295,746,0,708,38,19,47
1010618,1010003,615,0,575,40,17,43
1011262,1010531,731,0,717,14,18,43
999838,999342,496,1,477,18,19,43
989096,988581,515,0,478,37,19,48
977199,976465,734,0,715,19,17,45
985193,984562,631,0,607,24,19,43
969655,967429,2226,100,2101,25,20,52
957199,956667,532,0,499,33,19,45
952735,952253,482,0,468,14,18,48
968839,968536,303,0,282,21,17,38
967160,966211,949,0,910,39,19,48
949632,948987,645,0,636,9,19,46
932044,931219,825,0,784,41,19,49
921472,920910,562,0,534,28,19,45
938522,937584,938,0,919,19,20,50
944137,943293,844,0,804,40,18,45
934124,933277,847,0,799,48,18,47
923719,922860,859,0,849,10,17,49
924016,923044,972,0,953,19,19,46
921783,921411,372,0,370,2,17,41
925986,925288,698,0,682,16,17,45
924097,923529,568,0,520,48,20,47
927392,927133,259,0,241,18,15,33
935772,935088,684,0,620,64,19,49
931365,930782,583,0,564,19,17,45
938858,938338,520,0,513,7,19,36
944483,943879,604,0,552,52,20,45
940250,939596,654,0,618,36,20,50
936735,936033,702,0,688,14,17,44
950629,949627,1002,0,984,18,20,49
958291,957675,616,0,596,20,18,45
941269,940476,793,63,711,19,19,42
938632,937415,1217,29,1133,55,20,51
956725,955973,752,0,746,6,18,45
959728,958685,1043,0,1009,34,18,50
958693,957970,723,0,652,71,19,48
948172,947206,966,0,913,53,18,46
951598,951178,420,0,416,4,16,39
940332,939541,791,0,753,38,18,42
943976,943416,560,0,534,26,18,44
937367,936931,436,4,432,0,16,35
933377,932780,597,0,574,23,20,46
930694,930291,403,0,385,18,19,42
930483,929921,562,0,495,67,16,40
913980,912958,1022,0,988,34,19,49
909609,908981,628,0,585,43,20,46
911322,910577,745,17,721,7,19,42
907417,906785,632,0,607,25,20,49
894064,893624,440,16,410,14,18,43
892225,891612,613,2,585,26,19,46
895677,895105,572,3,567,2,17,43
892333,891873,460,0,443,17,16,39
894479,893947,532,0,507,25,18,43
868524,867577,947,0,941,6,20,48
873336,872471,865,0,827,38,20,44
868413,867579,834,0,760,74,20,47
883901,883012,889,0,847,42,19,50
893953,893250,703,8,694,1,19,44
908975,908201,774,0,760,14,18,42
895597,894778,819,0,804,15,19,54
885504,884341,1163,0,1143,20,19,52
882406,880007,2399,0,2249,150,20,54
892148,890445,1703,0,1635,68,20,53
875579,874637,942,0,926,16,19,47
877273,876896,377,0,373,4,19,37
878718,878167,551,0,540,11,18,42
892817,891666,1151,0,1029,122,19,52
893643,892274,1369,0,1318,51,19,52
897984,896851,1133,0,1079,54,19,49
895667,894694,973,0,925,48,20,53
914704,914355,349,0,336,13,19,42
907118,906693,425,0,399,26,20,44
894493,893876,617,0,610,7,20,45
899636,898658,978,0,958,20,20,51
898595,897948,647,0,589,58,19,47
885631,884911,720,0,667,53,19,49
885889,885173,716,21,684,11,20,48
899348,898561,787,0,739,48,20,51
898836,898217,619,0,580,39,19,40
903272,902608,664,0,604,60,17,46
895430,894659,771,0,689,82,19,47
895351,894882,469,0,458,11,17,37
897887,897409,478,0,440,38,19,42
897533,896853,680,0,655,25,19,48
903062,902661,401,0,394,7,19,45
899143,898500,643,0,622,21,19,42
906728,905965,763,0,738,25,20,50
906221,905265,956,0,946,10,17,47
916159,914216,1943,27,1907,9,20,51
915473,914712,761,0,731,30,19,49
924363,923668,695,0,654,41,19,46
938268,937917,351,0,332,19,18,38
947186,946695,491,0,472,19,20,43
942749,942305,444,0,409,35,18,37
938786,938666,120,9,108,3,12,21
932477,932347,130,0,127,3,15,24
924768,924523,245,0,232,13,17,28
928076,927724,352,0,352,0,17,39
937462,937108,354,0,354,0,14,38
931483,931362,121,0,120,1,14,26
938259,938171,88,0,88,0,8,12
944240,944089,151,0,151,0,8,11
946811,946591,220,0,209,11,14,20
945945,945762,183,7,176,0,13,24
946332,946252,80,0,80,0,10,13
940610,940592,18,0,18,0,4,5
943920,943599,321,0,317,4,18,32
944502,944435,67,0,63,4,8,15
942003,941954,49,0,49,0,6,8
932444,932159,285,0,270,15,18,33
935426,935103,323,0,289,34,17,37
935943,935398,545,0,510,35,17,43
938894,938417,477,0,477,0,15,37
940772,940488,284,0,280,4,18,37
933630,933193,437,4,418,15,18,38
932481,931928,553,0,543,10,16,39
933019,931882,1137,0,1098,39,19,48
928103,927344,759,0,751,8,17,43
930076,929138,938,0,902,36,18,48
928625,927902,723,0,708,15,19,47
938935,938079,856,0,827,29,18,48
931654,930856,798,33,749,16,20,50
929675,929274,401,39,362,0,17,42
927107,926300,807,16,776,15,19,45
948865,948089,776,0,771,5,18,47
940940,940395,545,28,512,5,20,48
942191,941535,656,0,626,30,20,47
938965,937997,968,0,900,68,19,46
945311,944657,654,0,619,35,19,52
938696,937923,773,0,712,61,19,46
940288,939347,941,0,848,93,19,46
941397,940718,679,1,650,28,19,52
933533,932604,929,0,920,9,19,51
943482,942903,579,23,542,14,15,41
949425,948779,646,19,606,21,19,45
949290,948684,606,0,591,15,20,45
945975,945625,350,0,314,36,16,39
940896,940511,385,0,377,8,19,41
941446,940741,705,0,687,18,18,39
940496,940020,476,0,449,27,19,42
930169,929542,627,0,597,30,18,41
932919,931996,923,0,909,14,18,48
940533,939885,648,0,647,1,19,46
939821,938945,876,0,835,41,19,50
932100,931147,953,0,922,31,19,49
936828,935885,943,43,856,44,20,48
942389,941903,486,0,468,18,18,45
950847,950484,363,0,331,32,17,36
951890,951530,360,0,358,2,17,41
946862,946155,707,1,643,63,19,48
951442,950894,548,0,539,9,17,43
956107,955311,796,0,777,19,19,52
945803,945170,633,0,619,14,17,39
936319,935751,568,0,564,4,19,50
936805,936239,566,0,550,16,17,45
944109,943657,452,7,445,0,16,38
947971,947200,771,0,733,38,19,43
951171,950456,715,0,705,10,18,47
951797,950797,1000,33,963,4,20,47
957948,957136,812,0,786,26,18,43
960576,959951,625,0,610,15,20,47
956837,956203,634,0,610,24,20,46
962023,961298,725,0,716,9,19,47
951788,950830,958,61,849,48,20,48
948785,948127,658,35,613,10,17,44
947157,946390,767,41,698,28,18,47
955808,955049,759,0,753,6,18,46
952600,951834,766,1,742,23,20,48
944191,943419,772,0,727,45,19,46
941435,940631,804,0,764,40,19,49
940925,940176,749,0,707,42,19,51
948987,948056,931,0,911,20,20,50
946770,945896,874,0,850,24,19,51
933674,933325,349,0,337,12,20,39
933023,932535,488,2,477,9,19,38
929496,928760,736,0,670,66,19,47
920771,920265,506,0,492,14,16,45
916713,916124,589,0,554,35,18,49
920185,919576,609,0,598,11,15,43
921042,920272,770,0,738,32,18,48
920797,920303,494,0,488,6,18,38
920051,919388,663,0,622,41,17,37
929307,928763,544,0,522,22,19,43
931424,930928,496,0,473,23,19,42
922480,921009,1471,0,1374,97,20,52
919423,918743,680,94,566,20,19,45
919092,918471,621,0,607,14,20,42
923819,923023,796,0,793,3,19,49
912336,911764,572,0,571,1,18,45
920654,920020,634,0,595,39,19,41
934624,933462,1162,66,1074,22,20,51
953081,952209,872,0,806,66,19,49
964418,963390,1028,0,994,34,20,51
975064,973834,1230,0,1209,21,19,50
977809,977109,700,0,677,23,18,46
974825,973696,1129,0,1123,6,19,50
978456,977452,1004,0,932,72,17,49
981360,980300,1060,0,1032,28,20,50
976432,975648,784,0,762,22,18,47
972560,971712,848,0,775,73,18,47
974238,973425,813,2,761,50,19,49
977475,977075,400,0,368,32,17,35
979380,978519,861,0,846,15,16,45
982308,981140,1168,0,1156,12,19,51
979725,979182,543,0,509,34,18,45
973290,972836,454,0,427,27,19,39
975468,974958,510,0,508,2,18,45
973409,972671,738,0,715,23,20,43
976434,975906,528,0,513,15,18,38
959478,959120,358,0,339,19,19,40
952907,952558,349,0,320,29,19,37
969232,968900,332,0,286,46,17,35
978770,978302,468,0,443,25,20,45
976574,976105,469,0,439,30,19,43
972747,972115,632,0,617,15,19,40
968820,968279,541,0,510,31,17,43
969213,968224,989,0,975,14,19,50
964326,963216,1110,0,1076,34,20,52
957628,957045,583,0,572,11,18,41
966514,965749,765,7,757,1,20,43
955184,954521,663,0,641,22,19,46
955785,955443,342,0,329,13,17,37
962064,961522,542,0,542,0,16,35
964121,963702,419,0,407,12,17,38
949151,948292,859,0,837,22,19,47
949927,949023,904,26,840,38,18,45
959910,959189,721,0,650,71,18,48
961662,961116,546,0,534,12,18,40
951653,950165,1488,0,1415,73,20,52
938727,938019,708,48,616,44,19,45
928707,927819,888,0,851,37,19,49
925587,925053,534,0,490,44,19,40
915702,915082,620,0,603,17,19,46
896220,895119,1101,0,1086,15,20,50
884331,883291,1040,0,1028,12,19,54
887263,886009,1254,0,1234,20,20,53
875594,874337,1257,0,1204,53,19,53
888760,887315,1445,0,1409,36,20,51
898691,897687,1004,0,988,16,20,51
893076,892200,876,0,825,51,20,50
895561,894529,1032,38,952,42,20,51
886293,884985,1308,0,1220,88,19,53
884383,883400,983,54,894,35,20,46
888802,888152,650,0,587,63,19,50
876788,875827,961,0,930,31,20,47
882378,881709,669,0,614,55,20,49
885323,884780,543,31,490,22,17,36
877484,876939,545,7,523,15,20,39
872834,872244,590,0,566,24,17,45
875605,875143,462,0,435,27,19,45
871397,871012,385,0,360,25,18,39
864234,863685,549,0,539,10,20,43
869556,869334,222,0,217,5,16,30
879732,879342,390,27,362,1,20,46
875109,874594,515,0,507,8,17,44
875207,874360,847,0,796,51,19,49
877973,877380,593,0,569,24,19,48
865475,864740,735,0,672,63,18,49
874833,874618,215,0,207,8,18,31
881303,880920,383,0,379,4,17,43
878949,878378,571,53,495,23,18,43
879249,878697,552,0,546,6,18,40
877432,876395,1037,0,963,74,20,48
881247,879826,1421,52,1279,90,20,51
878732,878036,696,28,660,8,18,42
862249,861459,790,0,772,18,19,51
862952,862377,575,0,530,45,19,47
882027,881104,923,0,883,40,20,49
896865,896031,834,0,827,7,20,46
905519,905051,468,0,434,34,19,38
905053,904421,632,0,584,48,18,44
911488,910473,1015,0,1009,6,18,50
949489,948425,1064,0,1029,35,19,42
974631,972976,1655,25,1557,73,20,53
991833,990609,1224,0,1186,38,18,50
990369,988929,1440,0,1364,76,19,54
1012390,1011115,1275,0,1192,83,19,49
1024281,1023465,816,0,790,26,18,50
1030244,1029338,906,0,895,11,19,46
1028294,1027368,926,7,918,1,20,47
1031144,1030130,1014,0,1013,1,18,50
1051334,1050014,1320,0,1294,26,20,53
1064111,1062972,1139,92,999,48,20,54
1073469,1072610,859,0,816,43,18,50
1086345,1085771,574,0,543,31,18,46
1154747,1154086,661,0,632,29,17,47
1165274,1163815,1459,0,1397,62,20,54
1183758,1181863,1895,0,1862,33,20,54
1207722,1206925,797,37,706,54,19,42
1218900,1217945,955,0,912,43,18,46
1239895,1239083,812,0,754,58,20,47
1262176,1260174,2002,0,1920,82,20,54
1277916,1276082,1834,0,1780,54,19,54
1285627,1283087,2540,0,2470,70,19,54
1285299,1283865,1434,66,1321,47,20,51
1314666,1312633,2033,0,1955,78,20,54
1356568,1354833,1735,0,1663,72,19,51
1363436,1362145,1291,26,1230,35,20,53
1344181,1343226,955,0,917,38,18,46
1357562,1355575,1987,0,1961,26,20,54
1379730,1378289,1441,0,1409,32,20,52
1434396,1433353,1043,0,1029,14,17,49
1444682,1443660,1022,0,1019,3,20,46
1452789,1451470,1319,0,1314,5,18,52
1482317,1481022,1295,0,1243,52,18,50
1484973,1483241,1732,0,1702,30,20,54
1478403,1476393,2010,0,1990,20,19,52
1462699,1461063,1636,0,1591,45,20,51
1455834,1453783,2051,0,2042,9,19,53
1423752,1422969,783,0,761,22,19,43
1399633,1397640,1993,0,1940,53,20,52
1392050,1390486,1564,112,1377,75,20,50
1370464,1368751,1713,0,1674,39,20,53
1350412,1348929,1483,0,1373,110,20,54
1346772,1345237,1535,68,1426,41,19,52
1311469,1309868,1601,24,1549,28,19,53
1292670,1290567,2103,0,2063,40,19,50
1284504,1283208,1296,0,1259,37,19,51
1269400,1268395,1005,0,984,21,19,51
2000601,1998878,1723,0,1721,2,19,48
1987407,1985689,1718,0,1643,75,18,54
1931340,1929436,1904,0,1848,56,19,50
2088791,2086771,2020,0,1931,89,18,54
2106140,2103529,2611,0,2517,94,19,53
2074971,2071454,3517,0,3449,68,19,53
2076644,2073894,2750,0,2680,70,19,53
2055082,2051423,3659,0,3472,187,20,53
2065770,2063866,1904,0,1838,66,19,52
2084347,2082426,1921,0,1848,73,20,53
2119097,2116063,3034,106,2713,215,20,52
2125022,2121906,3116,0,3065,51,20,53
2117711,2114598,3113,0,2979,134,20,54
2137548,2134721,2827,0,2753,74,20,54
2120665,2117288,3377,0,3246,131,20,54
2137868,2135438,2430,0,2255,175,20,53
2194552,2191822,2730,134,2484,112,18,54
2200679,2197255,3424,0,3336,88,19,54
2196861,2193878,2983,130,2692,161,20,51
2227535,2224912,2623,0,2487,136,19,54
2255381,2249579,5802,0,5545,257,20,54
2251017,2241629,9388,0,9135,253,20,53
2249837,2239485,10352,0,10035,317,19,53
2262640,2257515,5125,0,4982,143,20,53
2304258,2299163,5095,0,4937,158,19,54
2304710,2301266,3444,0,3287,157,19,51
