coverage,wt.counts,mut.count,s.count,ns.count,stp.count,aa.sampled,codons.sampled
931413,931413,0,0,0,0,0,0
945852,945852,0,0,0,0,0,0
968785,968761,24,0,24,0,4,4
980806,980740,66,0,66,0,5,9
995066,994961,105,0,105,0,8,13
1012626,1012467,159,65,94,0,4,7
1014248,1014150,98,0,98,0,9,15
1031786,1031777,9,0,9,0,1,1
1039705,1039633,72,0,72,0,6,11
1065733,1065657,76,0,76,0,5,8
1072586,1072582,4,0,4,0,1,1
1086606,1086564,42,0,42,0,5,7
1091745,1091737,8,0,8,0,1,1
1114064,1114058,6,0,6,0,2,2
1113448,1113211,237,0,237,0,7,13
451812,436623,15189,21,15168,0,14,34
464550,464519,31,12,19,0,6,8
472571,472448,123,0,123,0,8,11
486559,486503,56,0,56,0,5,7
495431,495281,150,25,125,0,12,21
500084,499694,390,0,390,0,15,21
500782,500644,138,0,138,0,7,12
512402,512390,12,3,9,0,1,2
521044,520954,90,0,90,0,12,21
524672,524630,42,0,42,0,4,6
540078,539963,115,0,115,0,7,13
540047,540047,0,0,0,0,0,0
541777,541713,64,0,64,0,12,13
530700,530649,51,0,51,0,3,6
527502,527496,6,0,6,0,2,3
524395,524392,3,0,3,0,1,2
516728,516725,3,0,3,0,2,2
505579,505579,0,0,0,0,0,0
496119,496114,5,0,5,0,1,2
505316,505316,0,0,0,0,0,0
510191,510191,0,0,0,0,0,0
506023,506021,2,0,2,0,1,1
515821,515821,0,0,0,0,0,0
511040,511037,3,0,3,0,1,2
500117,498762,1355,2,1353,0,3,5
501895,501895,0,0,0,0,0,0
501428,501428,0,0,0,0,0,0
500343,500343,0,0,0,0,0,0
500873,500867,6,0,6,0,1,1
497422,497409,13,0,13,0,3,4
492800,492759,41,0,41,0,7,9
482396,481751,645,0,645,0,13,23
481582,481449,133,0,133,0,9,17
478124,478115,9,0,9,0,2,2
471800,471798,2,0,2,0,2,2
460436,460386,50,0,50,0,11,13
463256,463240,16,0,16,0,4,6
454434,454434,0,0,0,0,0,0
445621,445581,40,0,40,0,3,4
437494,437449,45,0,45,0,8,9
432191,432187,4,0,4,0,1,1
427024,426996,28,0,28,0,3,7
419316,419298,18,0,18,0,5,6
413418,413418,0,0,0,0,0,0
411458,411397,61,0,61,0,4,7
401207,401207,0,0,0,0,0,0
398386,398343,43,0,43,0,8,11
392026,392026,0,0,0,0,0,0
392416,392395,21,1,20,0,1,4
384323,384226,97,12,85,0,11,21
380705,380704,1,0,1,0,1,1
382015,382012,3,0,3,0,1,1
378869,378842,27,27,0,0,0,2
375641,375627,14,0,14,0,3,4
379766,379763,3,3,0,0,0,1
382031,382031,0,0,0,0,0,0
372715,372404,311,0,311,0,2,3
368138,368138,0,0,0,0,0,0
373221,373214,7,0,7,0,2,2
370109,370106,3,0,3,0,2,2
372481,372461,20,0,20,0,5,6
373007,373003,4,0,4,0,3,3
366195,366192,3,0,3,0,2,3
355709,355662,47,46,1,0,1,3
368374,368374,0,0,0,0,0,0
354706,354678,28,26,2,0,1,4
365090,365087,3,0,3,0,2,2
362436,362414,22,21,1,0,1,3
359527,359251,276,3,273,0,3,4
360960,360959,1,0,1,0,1,1
362189,362188,1,0,1,0,1,1
362784,362765,19,17,2,0,1,3
370091,370091,0,0,0,0,0,0
370561,370558,3,0,3,0,1,1
369952,369945,7,1,6,0,2,4
371758,371751,7,0,7,0,2,2
367379,367378,1,0,1,0,1,1
376943,376943,0,0,0,0,0,0
379613,379603,10,0,10,0,2,2
382430,382430,0,0,0,0,0,0
382823,382823,0,0,0,0,0,0
387889,387879,10,0,10,0,1,2
392639,392635,4,0,4,0,1,1
390152,390150,2,0,2,0,1,1
391356,391353,3,0,3,0,2,2
391658,391632,26,0,26,0,5,6
391195,391193,2,0,2,0,1,1
388100,388094,6,0,6,0,2,3
382056,382056,0,0,0,0,0,0
383622,383621,1,0,1,0,1,1
377117,377074,43,0,43,0,7,11
373833,373831,2,0,2,0,1,1
375997,375996,1,0,1,0,1,1
377301,377258,43,0,43,0,7,13
372580,372576,4,0,4,0,4,4
371027,371013,14,12,2,0,1,2
369746,369582,164,0,164,0,13,23
364269,364238,31,0,31,0,5,10
368577,368443,134,13,121,0,8,14
375270,375267,3,0,3,0,1,1
367485,367483,2,0,2,0,1,1
365989,365976,13,0,13,0,4,6
371546,371546,0,0,0,0,0,0
376529,376515,14,0,14,0,3,5
384670,384669,1,0,1,0,1,1
388419,388393,26,0,26,0,3,4
394308,394308,0,0,0,0,0,0
393437,393436,1,0,1,0,1,1
388119,388065,54,0,54,0,7,12
393639,393639,0,0,0,0,0,0
395587,395587,0,0,0,0,0,0
394435,394435,0,0,0,0,0,0
395261,395236,25,0,25,0,2,3
398176,398172,4,0,4,0,1,1
396458,396428,30,0,30,0,2,3
396878,396872,6,6,0,0,0,1
396427,396427,0,0,0,0,0,0
392073,392073,0,0,0,0,0,0
394357,394357,0,0,0,0,0,0
392773,392763,10,10,0,0,0,2
393498,393498,0,0,0,0,0,0
393375,393374,1,0,1,0,1,1
396569,396556,13,0,13,0,2,2
396824,396664,160,0,160,0,11,16
401125,401125,0,0,0,0,0,0
404161,404154,7,0,7,0,3,4
403010,403010,0,0,0,0,0,0
408537,408482,55,0,55,0,8,9
409442,409430,12,10,2,0,2,4
409046,408939,107,0,107,0,4,9
410770,410770,0,0,0,0,0,0
409080,409079,1,0,1,0,1,1
407881,407873,8,0,8,0,2,2
406371,406371,0,0,0,0,0,0
403768,403759,9,0,9,0,1,3
407486,407453,33,0,33,0,1,1
400029,400029,0,0,0,0,0,0
395545,395545,0,0,0,0,0,0
395665,395504,161,0,161,0,5,8
392515,392450,65,52,13,0,2,3
392559,392507,52,15,37,0,7,10
386088,386076,12,0,12,0,4,5
375390,375382,8,3,5,0,2,3
370383,370383,0,0,0,0,0,0
372313,372309,4,0,4,0,2,2
370568,370568,0,0,0,0,0,0
370046,370029,17,0,17,0,2,3
369103,369103,0,0,0,0,0,0
365402,365402,0,0,0,0,0,0
361877,361877,0,0,0,0,0,0
359510,359423,87,0,87,0,9,17
358156,358142,14,0,14,0,5,5
357775,357775,0,0,0,0,0,0
349177,349177,0,0,0,0,0,0
348285,348259,26,21,5,0,3,6
346373,346367,6,0,6,0,1,1
344516,344512,4,2,2,0,1,2
344360,344337,23,0,23,0,2,4
344581,344552,29,0,29,0,4,8
342450,342444,6,0,6,0,3,3
346417,346416,1,0,1,0,1,1
345256,345229,27,0,27,0,3,4
344177,344177,0,0,0,0,0,0
349615,349615,0,0,0,0,0,0
348332,348332,0,0,0,0,0,0
347959,347790,169,0,169,0,2,3
340922,340922,0,0,0,0,0,0
338770,338768,2,0,2,0,1,1
340745,340745,0,0,0,0,0,0
340845,340829,16,0,14,2,3,5
337668,337668,0,0,0,0,0,0
339860,339860,0,0,0,0,0,0
337087,337085,2,0,2,0,1,1
341132,341132,0,0,0,0,0,0
341532,341493,39,0,39,0,4,10
342625,342595,30,14,16,0,3,7
343374,343373,1,0,1,0,1,1
340592,340592,0,0,0,0,0,0
340339,340298,41,0,41,0,4,8
339675,339639,36,0,36,0,6,10
341871,341849,22,0,22,0,4,5
341040,341002,38,0,38,0,3,4
335915,335915,0,0,0,0,0,0
334662,334650,12,0,12,0,1,2
334546,334543,3,0,3,0,2,2
336799,336795,4,0,4,0,1,1
340324,340322,2,0,2,0,1,1
341474,341474,0,0,0,0,0,0
340045,340043,2,0,2,0,1,2
338829,338718,111,0,111,0,6,6
332248,317262,14986,3,14983,0,18,43
337869,334907,2962,0,2961,1,12,23
344339,344339,0,0,0,0,0,0
342864,342468,396,0,396,0,10,17
346097,346095,2,0,2,0,2,2
347219,344996,2223,24,2199,0,16,33
345828,345420,408,30,378,0,15,33
341981,341730,251,0,251,0,12,25
336746,336731,15,0,15,0,4,4
336674,336660,14,8,6,0,2,3
337115,337114,1,0,1,0,1,1
336896,336882,14,0,14,0,3,5
334830,334802,28,0,28,0,5,8
331387,331387,0,0,0,0,0,0
335671,335526,145,8,137,0,13,25
332137,332053,84,0,84,0,7,12
326500,326439,61,0,61,0,7,11
333147,333147,0,0,0,0,0,0
329320,329320,0,0,0,0,0,0
328323,328221,102,0,102,0,11,16
328431,328431,0,0,0,0,0,0
323253,323136,117,0,117,0,9,13
322585,322571,14,0,14,0,3,6
319068,319055,13,0,13,0,6,8
319003,318888,115,0,115,0,11,14
323617,323444,173,2,171,0,14,24
328700,328678,22,0,22,0,6,8
325365,324612,753,0,752,1,9,17
325235,325095,140,0,140,0,8,14
320754,317804,2950,0,2950,0,16,36
324398,324175,223,12,211,0,10,20
322942,322867,75,0,75,0,7,10
323602,323600,2,0,2,0,1,1
323585,323506,79,4,75,0,5,8
323075,323064,11,0,11,0,5,6
323124,323110,14,0,14,0,4,4
325228,325116,112,0,112,0,10,14
322258,322228,30,0,30,0,1,1
320176,320157,19,0,19,0,2,2
317989,317978,11,0,11,0,3,6
319886,319878,8,0,8,0,2,3
319964,319946,18,0,18,0,2,3
319493,319481,12,0,12,0,1,2
317154,317147,7,0,7,0,3,3
314544,314481,63,0,63,0,5,12
312744,312743,1,0,1,0,1,1
312920,312920,0,0,0,0,0,0
314084,314078,6,3,3,0,1,2
314221,314216,5,0,5,0,3,3
314198,314181,17,0,17,0,2,4
318500,318500,0,0,0,0,0,0
320860,320860,0,0,0,0,0,0
322586,322584,2,0,2,0,2,2
320219,320219,0,0,0,0,0,0
319329,319329,0,0,0,0,0,0
321939,321931,8,0,8,0,3,4
322439,322439,0,0,0,0,0,0
323248,323248,0,0,0,0,0,0
324872,324866,6,6,0,0,0,1
327675,327673,2,0,2,0,1,1
327401,327401,0,0,0,0,0,0
324897,324897,0,0,0,0,0,0
324348,324330,18,7,11,0,1,3
324119,324108,11,0,11,0,2,3
323243,323242,1,0,1,0,1,1
318898,318886,12,0,12,0,1,1
321014,321014,0,0,0,0,0,0
322586,322584,2,0,2,0,1,1
323917,323917,0,0,0,0,0,0
323788,323788,0,0,0,0,0,0
321665,321664,1,0,1,0,1,1
320072,320072,0,0,0,0,0,0
320634,320599,35,26,9,0,2,6
320332,320331,1,0,1,0,1,1
324352,324352,0,0,0,0,0,0
324862,324834,28,0,28,0,1,2
324677,324677,0,0,0,0,0,0
320168,320144,24,0,24,0,6,9
321473,321448,25,0,25,0,4,6
321188,321177,11,0,11,0,3,4
327066,327045,21,21,0,0,0,2
329261,329261,0,0,0,0,0,0
334695,334688,7,0,7,0,3,4
331046,330995,51,0,51,0,6,12
332159,332096,63,0,63,0,7,12
335288,335288,0,0,0,0,0,0
335279,335263,16,0,16,0,3,4
334341,334340,1,0,1,0,1,1
339157,339086,71,0,71,0,4,6
340046,340043,3,0,3,0,1,2
340037,340037,0,0,0,0,0,0
337707,337706,1,0,1,0,1,1
342294,342278,16,0,16,0,4,5
342831,342794,37,0,37,0,7,12
342970,342969,1,0,1,0,1,1
343020,343013,7,0,7,0,2,2
344386,344372,14,0,14,0,1,1
345125,345091,34,0,34,0,7,10
349497,349471,26,0,26,0,7,9
349665,349665,0,0,0,0,0,0
350637,350611,26,21,5,0,1,3
350976,350957,19,0,19,0,2,3
351677,351665,12,0,12,0,2,4
351939,351926,13,0,13,0,4,5
351839,351837,2,0,2,0,1,2
353992,353990,2,0,2,0,1,1
350142,350125,17,0,17,0,2,2
353203,353203,0,0,0,0,0,0
359323,359305,18,0,18,0,3,4
357156,357136,20,0,20,0,2,4
354104,354094,10,0,10,0,2,5
353010,353010,0,0,0,0,0,0
351704,351702,2,0,2,0,1,1
348293,348292,1,0,1,0,1,1
352735,352611,124,0,124,0,9,17
352017,351957,60,0,60,0,2,4
353145,353145,0,0,0,0,0,0
347773,347771,2,0,2,0,1,1
343807,343797,10,0,10,0,2,3
342477,342476,1,0,1,0,1,1
341865,341847,18,16,2,0,2,4
346678,346659,19,14,5,0,2,4
348216,348202,14,8,6,0,3,5
343200,343193,7,0,7,0,1,2
343149,342908,241,0,241,0,12,24
338990,338783,207,0,207,0,11,19
342072,342071,1,0,1,0,1,1
346191,346184,7,0,7,0,2,2
341053,341045,8,8,0,0,0,1
343007,343007,0,0,0,0,0,0
343017,342985,32,0,32,0,2,4
338243,338223,20,0,20,0,1,2
344801,344720,81,0,81,0,7,16
347253,347248,5,0,5,0,3,3
348604,348603,1,0,1,0,1,1
348213,348213,0,0,0,0,0,0
349493,349458,35,35,0,0,0,3
348190,348185,5,0,5,0,3,4
352443,352443,0,0,0,0,0,0
350301,350301,0,0,0,0,0,0
354857,354854,3,0,3,0,1,1
354224,354224,0,0,0,0,0,0
354517,354515,2,0,2,0,1,1
349906,349906,0,0,0,0,0,0
350413,350413,0,0,0,0,0,0
350958,350957,1,0,1,0,1,1
354609,354609,0,0,0,0,0,0
358925,358909,16,16,0,0,0,1
358984,358984,0,0,0,0,0,0
361518,361472,46,0,46,0,2,2
367282,367271,11,0,11,0,4,4
366546,366546,0,0,0,0,0,0
367541,367541,0,0,0,0,0,0
365420,365420,0,0,0,0,0,0
367785,367782,3,0,3,0,1,1
368305,368305,0,0,0,0,0,0
369194,369184,10,0,10,0,5,7
368117,368117,0,0,0,0,0,0
363804,363803,1,0,1,0,1,1
362741,362703,38,0,38,0,6,12
362945,362945,0,0,0,0,0,0
365005,364970,35,4,31,0,8,9
353513,353512,1,0,1,0,1,1
361522,361496,26,0,26,0,1,2
362147,362146,1,0,1,0,1,1
368163,368157,6,0,6,0,2,2
364692,364677,15,0,15,0,3,5
359651,355208,4443,0,4443,0,10,20
358370,358368,2,0,2,0,1,1
357625,357608,17,17,0,0,0,1
354897,354866,31,0,31,0,2,2
356444,356439,5,0,5,0,1,1
356080,356069,11,0,11,0,2,3
358794,358781,13,0,13,0,5,7
356788,356785,3,0,3,0,1,1
353148,353144,4,0,4,0,2,2
356255,356255,0,0,0,0,0,0
356129,356129,0,0,0,0,0,0
358757,358755,2,0,2,0,1,1
355760,355755,5,0,5,0,2,2
360927,360919,8,0,8,0,3,3
364706,364704,2,0,2,0,2,2
362746,362689,57,0,57,0,7,14
359169,359169,0,0,0,0,0,0
363319,363242,77,0,77,0,8,13
360419,351374,9045,0,9045,0,16,39
368624,368604,20,0,20,0,5,6
363318,363256,62,0,62,0,7,11
363283,362964,319,0,319,0,5,7
358747,339552,19195,0,19194,1,14,32
372135,372071,64,21,43,0,4,9
370699,370698,1,0,1,0,1,1
375601,375598,3,0,3,0,1,1
382873,382816,57,0,57,0,5,9
382555,382555,0,0,0,0,0,0
383603,383389,214,0,214,0,10,24
384899,384880,19,0,19,0,4,4
386907,386899,8,0,8,0,3,3
386982,386981,1,0,1,0,1,1
388247,388222,25,14,11,0,4,6
387677,387660,17,12,5,0,1,3
383965,383953,12,0,12,0,2,2
383745,383711,34,0,34,0,4,6
385898,385860,38,0,38,0,5,8
390251,390200,51,0,51,0,7,14
394765,394736,29,0,29,0,5,7
393185,393106,79,0,79,0,4,6
392731,392532,199,0,199,0,11,17
390769,390762,7,0,7,0,2,3
394017,394011,6,0,6,0,3,3
390372,390340,32,0,32,0,5,7
394313,394310,3,0,3,0,2,2
395685,395676,9,0,9,0,6,8
393437,393427,10,3,7,0,3,4
391188,391168,20,0,20,0,6,7
386909,386909,0,0,0,0,0,0
388963,388963,0,0,0,0,0,0
385985,385834,151,0,151,0,10,16
386920,386879,41,20,21,0,6,9
385973,385794,179,28,151,0,9,20
380303,380285,18,0,18,0,5,7
379690,379685,5,0,5,0,2,2
381946,381864,82,27,55,0,8,13
373272,373258,14,0,14,0,2,2
367992,367992,0,0,0,0,0,0
367336,367334,2,2,0,0,0,1
364256,364242,14,4,10,0,4,5
364481,364481,0,0,0,0,0,0
364982,364982,0,0,0,0,0,0
362845,362817,28,0,28,0,3,5
358153,358151,2,0,2,0,1,1
356989,356968,21,0,21,0,4,6
360138,360137,1,0,1,0,1,1
359629,359629,0,0,0,0,0,0
357974,357970,4,0,4,0,1,1
357247,357247,0,0,0,0,0,0
358810,358808,2,0,2,0,1,1
361375,361362,13,12,1,0,1,2
362764,362764,0,0,0,0,0,0
360401,360390,11,6,5,0,2,4
360378,360327,51,0,51,0,2,4
358475,358466,9,0,9,0,3,3
354956,354950,6,3,3,0,3,4
353405,353401,4,0,4,0,2,2
352450,352450,0,0,0,0,0,0
357537,357537,0,0,0,0,0,0
354200,354197,3,0,3,0,3,3
355464,355442,22,0,22,0,5,8
348693,348692,1,0,1,0,1,1
346727,346681,46,22,24,0,2,4
345995,345978,17,0,17,0,2,4
345889,345889,0,0,0,0,0,0
345039,345010,29,0,29,0,3,6
347664,347650,14,0,14,0,1,2
349861,349859,2,0,2,0,1,1
340878,340874,4,0,4,0,1,1
339560,339550,10,0,10,0,2,2
343845,343843,2,2,0,0,0,1
342370,342358,12,9,3,0,1,3
342316,342300,16,0,16,0,1,3
345042,345042,0,0,0,0,0,0
344625,344614,11,1,10,0,3,5
343517,343517,0,0,0,0,0,0
339674,339674,0,0,0,0,0,0
339976,339976,0,0,0,0,0,0
345146,345142,4,0,4,0,1,2
345482,345482,0,0,0,0,0,0
352009,351945,64,0,64,0,9,11
344705,344705,0,0,0,0,0,0
344772,344552,220,0,220,0,12,27
338506,338421,85,0,85,0,10,16
345078,345074,4,1,3,0,2,3
343162,343150,12,0,12,0,2,2
346125,346122,3,0,3,0,1,1
346968,346962,6,0,6,0,1,2
348344,348344,0,0,0,0,0,0
349581,349564,17,17,0,0,0,1
349499,349496,3,0,3,0,1,1
346319,346319,0,0,0,0,0,0
346009,346009,0,0,0,0,0,0
345941,345910,31,0,31,0,6,10
339171,339154,17,0,17,0,4,5
336688,336684,4,0,4,0,1,2
333164,333164,0,0,0,0,0,0
336859,336855,4,0,4,0,1,1
337501,337501,0,0,0,0,0,0
339449,339443,6,6,0,0,0,1
339586,339586,0,0,0,0,0,0
337348,337344,4,4,0,0,0,1
335649,335620,29,26,3,0,1,5
337352,337297,55,0,55,0,3,5
337542,337530,12,0,12,0,3,5
338920,338919,1,0,1,0,1,1
335031,334690,341,0,341,0,5,7
332904,332899,5,0,5,0,2,3
332758,332757,1,0,1,0,1,1
330001,330001,0,0,0,0,0,0
330453,330451,2,0,2,0,1,1
331966,331941,25,24,1,0,1,3
335831,335816,15,0,15,0,5,6
336038,336037,1,0,1,0,1,1
338144,338144,0,0,0,0,0,0
327094,327094,0,0,0,0,0,0
329270,329267,3,3,0,0,0,1
318616,318607,9,0,9,0,1,1
325203,325190,13,0,13,0,1,2
323962,323833,129,0,129,0,10,17
323941,323726,215,38,177,0,17,29
321398,321397,1,0,1,0,1,1
321966,321915,51,0,51,0,6,10
318909,318909,0,0,0,0,0,0
317445,317430,15,0,15,0,3,6
313576,313507,69,0,69,0,7,11
313343,313337,6,0,6,0,1,1
311175,311175,0,0,0,0,0,0
310322,310262,60,0,60,0,6,11
314890,314886,4,0,4,0,2,2
313865,313863,2,0,0,2,1,1
317182,317156,26,0,26,0,4,6
315993,315988,5,0,5,0,2,2
316289,316288,1,0,1,0,1,1
311634,311634,0,0,0,0,0,0
311919,311919,0,0,0,0,0,0
312545,312545,0,0,0,0,0,0
312530,312473,57,0,57,0,3,6
319230,319227,3,0,3,0,1,1
323794,323776,18,0,18,0,2,3
320556,320556,0,0,0,0,0,0
318416,318378,38,0,38,0,3,7
319809,319759,50,0,50,0,6,10
319136,319027,109,0,109,0,3,9
319795,318786,1009,0,1009,0,8,12
323973,323348,625,27,598,0,7,14
324316,323436,880,10,870,0,8,17
324980,324840,140,0,140,0,3,5
327910,327773,137,0,137,0,11,18
325604,325602,2,0,2,0,2,2
323201,323197,4,0,4,0,2,2
322849,322828,21,0,21,0,4,6
324139,324092,47,0,47,0,1,1
322205,322205,0,0,0,0,0,0
321184,321180,4,4,0,0,0,1
318850,318831,19,0,19,0,2,3
317383,317382,1,0,1,0,1,1
310765,310765,0,0,0,0,0,0
314942,314942,0,0,0,0,0,0
312434,312432,2,0,2,0,1,1
312120,312118,2,0,2,0,1,1
308678,308667,11,0,11,0,2,2
307789,307773,16,16,0,0,0,3
302761,302760,1,0,1,0,1,1
306312,306306,6,6,0,0,0,1
307631,307631,0,0,0,0,0,0
302999,302999,0,0,0,0,0,0
298597,298585,12,0,12,0,3,4
295390,295373,17,0,17,0,6,6
300049,300049,0,0,0,0,0,0
303727,303674,53,0,53,0,9,15
310624,310396,228,1,227,0,11,17
312881,312881,0,0,0,0,0,0
306357,292922,13435,0,13435,0,18,47
306048,305599,449,0,449,0,12,25
300900,300896,4,0,4,0,3,3
301565,301458,107,0,107,0,5,6
294699,294699,0,0,0,0,0,0
304172,304167,5,0,5,0,1,1
301031,300940,91,0,91,0,11,22
300289,300114,175,0,175,0,18,32
305363,305192,171,0,171,0,6,15
304790,304444,346,0,346,0,13,32
309260,308829,431,0,431,0,16,36
309153,309110,43,0,43,0,10,13
309097,308932,165,0,165,0,9,15
308013,307832,181,0,181,0,15,27
305442,305225,217,0,217,0,11,26
301413,301025,388,0,388,0,13,22
307277,307195,82,0,82,0,6,15
307973,307888,85,14,71,0,12,19
309005,309002,3,0,3,0,1,1
312384,312336,48,0,48,0,10,14
313471,313446,25,0,25,0,2,2
313516,313516,0,0,0,0,0,0
311674,311601,73,0,73,0,9,14
313589,313564,25,0,25,0,8,11
316473,316437,36,0,36,0,6,12
320149,320124,25,0,25,0,4,5
320695,320666,29,0,29,0,3,3
320732,320618,114,0,114,0,10,16
323631,323631,0,0,0,0,0,0
321292,321098,194,40,154,0,4,10
322994,322871,123,0,123,0,4,8
324730,324684,46,0,46,0,7,11
327446,327446,0,0,0,0,0,0
330451,330451,0,0,0,0,0,0
331260,331232,28,0,28,0,4,7
331158,331157,1,1,0,0,0,1
326564,326564,0,0,0,0,0,0
326572,326565,7,0,7,0,2,2
328135,328131,4,0,4,0,2,2
331924,331924,0,0,0,0,0,0
332686,332686,0,0,0,0,0,0
330496,330496,0,0,0,0,0,0
332746,332746,0,0,0,0,0,0
335778,335778,0,0,0,0,0,0
333729,333716,13,0,13,0,1,2
325831,325829,2,0,2,0,1,1
326393,326391,2,0,2,0,1,1
324184,324163,21,0,21,0,3,4
324056,324056,0,0,0,0,0,0
322258,322258,0,0,0,0,0,0
322845,322845,0,0,0,0,0,0
321469,321432,37,0,37,0,3,3
320452,320290,162,0,162,0,2,2
318617,318614,3,0,3,0,1,1
320431,320425,6,0,6,0,1,2
318641,318625,16,16,0,0,0,1
317440,317368,72,0,72,0,6,11
315669,315669,0,0,0,0,0,0
315913,315754,159,0,159,0,14,21
315495,315488,7,0,7,0,2,2
313998,313937,61,0,61,0,8,13
310700,310700,0,0,0,0,0,0
311770,311705,65,22,43,0,6,10
314140,314136,4,4,0,0,0,1
318722,318715,7,6,0,1,1,2
317753,317753,0,0,0,0,0,0
320848,320838,10,8,2,0,1,2
318627,318600,27,0,27,0,3,7
316176,316160,16,0,16,0,4,5
313851,313851,0,0,0,0,0,0
312661,312661,0,0,0,0,0,0
313707,313705,2,0,2,0,1,1
311197,311184,13,11,2,0,1,2
316819,316819,0,0,0,0,0,0
316369,316368,1,1,0,0,0,1
315053,315044,9,1,8,0,1,2
314383,314383,0,0,0,0,0,0
310504,310503,1,0,1,0,1,1
312249,312248,1,0,1,0,1,1
315488,315487,1,0,1,0,1,1
312846,312838,8,0,8,0,2,2
311480,311446,34,0,34,0,5,6
316585,316544,41,0,41,0,9,13
314983,314981,2,0,2,0,1,1
313152,312696,456,0,456,0,15,29
311559,311547,12,0,12,0,6,7
308032,307820,212,18,194,0,15,28
309851,309848,3,0,3,0,2,2
310125,310049,76,0,76,0,5,8
308910,308777,133,0,133,0,7,17
310783,310774,9,0,9,0,3,3
310584,310574,10,0,10,0,2,2
307729,307720,9,0,9,0,3,3
307043,307041,2,0,2,0,2,2
306779,306771,8,0,8,0,2,2
302460,302314,146,0,146,0,12,20
304901,304882,19,0,19,0,4,5
297861,297763,98,0,35,63,5,8
296484,296410,74,0,74,0,6,11
295888,295854,34,0,34,0,7,8
295532,295526,6,0,6,0,3,3
298275,298274,1,0,1,0,1,1
296586,296574,12,0,12,0,3,5
292616,292616,0,0,0,0,0,0
293563,293545,18,16,2,0,1,3
292280,292267,13,11,2,0,2,4
294520,294508,12,11,1,0,1,2
291284,291284,0,0,0,0,0,0
291036,291034,2,0,2,0,2,2
291540,291540,0,0,0,0,0,0
288736,288733,3,0,3,0,2,2
280814,280813,1,0,1,0,1,1
294389,294389,0,0,0,0,0,0
291666,291666,0,0,0,0,0,0
293934,293932,2,0,2,0,2,2
292225,292225,0,0,0,0,0,0
289458,289458,0,0,0,0,0,0
289371,289371,0,0,0,0,0,0
291040,291039,1,0,1,0,1,1
293967,293967,0,0,0,0,0,0
295474,295459,15,0,15,0,2,2
298490,298490,0,0,0,0,0,0
299535,299530,5,0,5,0,3,3
304571,304571,0,0,0,0,0,0
304084,304084,0,0,0,0,0,0
300954,300930,24,0,24,0,5,8
297462,297453,9,9,0,0,0,3
300687,300680,7,0,7,0,4,4
299134,299023,111,0,111,0,3,6
299623,299600,23,0,23,0,5,7
297794,297686,108,0,108,0,9,13
300451,300432,19,8,11,0,5,8
306015,305813,202,0,202,0,13,20
309842,309733,109,0,109,0,10,18
311984,311694,290,0,290,0,12,26
316153,316127,26,0,26,0,7,10
319173,319128,45,0,45,0,7,10
319579,319578,1,0,1,0,1,1
315447,315395,52,0,52,0,8,15
319552,319499,53,0,53,0,5,6
322301,322232,69,0,69,0,8,11
317128,317127,1,0,1,0,1,1
317680,317669,11,0,11,0,2,3
318568,318568,0,0,0,0,0,0
315628,315628,0,0,0,0,0,0
310738,310735,3,0,3,0,2,2
314009,314008,1,0,1,0,1,1
319579,319579,0,0,0,0,0,0
320883,320874,9,0,9,0,2,3
316515,316510,5,0,5,0,2,2
315376,315375,1,0,1,0,1,1
314001,314001,0,0,0,0,0,0
314625,314625,0,0,0,0,0,0
318061,318056,5,0,5,0,1,1
320499,320475,24,0,24,0,4,7
316501,316488,13,0,13,0,1,3
313045,313041,4,0,4,0,2,2
312047,311916,131,0,131,0,11,21
312238,312214,24,0,24,0,9,10
311931,311912,19,0,19,0,2,2
312881,312867,14,5,9,0,3,5
313066,313066,0,0,0,0,0,0
316478,316472,6,0,6,0,2,2
316348,316348,0,0,0,0,0,0
314983,314983,0,0,0,0,0,0
315638,315638,0,0,0,0,0,0
315143,315142,1,1,0,0,0,1
315885,315885,0,0,0,0,0,0
316938,316938,0,0,0,0,0,0
316366,316366,0,0,0,0,0,0
309670,309659,11,11,0,0,0,3
308100,308078,22,0,22,0,3,4
301348,301348,0,0,0,0,0,0
300525,300525,0,0,0,0,0,0
299134,299098,36,0,36,0,6,11
295401,295401,0,0,0,0,0,0
288107,288064,43,0,43,0,2,3
282170,282147,23,0,23,0,6,6
288155,288153,2,0,2,0,1,2
291317,291295,22,0,22,0,2,4
289984,289963,21,0,21,0,2,3
287933,287925,8,7,1,0,1,2
287196,287187,9,0,9,0,2,3
283493,283490,3,3,0,0,0,1
276929,276925,4,0,4,0,1,1
279568,279568,0,0,0,0,0,0
276150,276150,0,0,0,0,0,0
279860,279836,24,13,11,0,3,4
281484,281484,0,0,0,0,0,0
279331,279325,6,0,6,0,1,1
274459,274459,0,0,0,0,0,0
270998,270994,4,0,4,0,2,2
274967,274945,22,0,22,0,1,1
276193,276192,1,0,1,0,1,1
271827,271821,6,0,6,0,1,1
269271,269263,8,0,8,0,3,4
269018,269017,1,0,1,0,1,1
269320,269320,0,0,0,0,0,0
267432,267432,0,0,0,0,0,0
266420,266419,1,0,1,0,1,1
264884,264882,2,0,2,0,1,1
268569,268515,54,3,51,0,8,12
267368,267328,40,0,40,0,5,7
269210,269210,0,0,0,0,0,0
269672,269501,171,2,169,0,9,20
267375,267352,23,3,20,0,5,10
264945,264697,248,0,248,0,12,23
264949,264948,1,0,1,0,1,1
269129,268780,349,0,349,0,12,22
271599,271599,0,0,0,0,0,0
275021,275021,0,0,0,0,0,0
280610,280096,514,0,514,0,14,17
284067,284055,12,0,12,0,4,5
289178,289172,6,0,6,0,4,4
289905,289891,14,9,5,0,2,3
297871,297864,7,0,7,0,2,2
300636,300556,80,0,80,0,7,18
299198,299197,1,0,1,0,1,1
307294,307294,0,0,0,0,0,0
310757,310727,30,0,30,0,4,5
314401,314391,10,0,10,0,2,2
321439,321439,0,0,0,0,0,0
317107,317100,7,0,7,0,1,1
310928,310906,22,20,2,0,1,3
321945,321945,0,0,0,0,0,0
323792,323792,0,0,0,0,0,0
330040,330032,8,0,8,0,2,3
332177,332110,67,0,67,0,11,15
335854,335809,45,0,45,0,5,8
338404,338391,13,5,8,0,3,4
346195,346146,49,0,49,0,6,9
355214,355202,12,0,12,0,4,4
360166,360152,14,0,14,0,6,7
362928,362906,22,0,22,0,4,4
369635,369321,314,0,314,0,14,35
372029,372028,1,0,1,0,1,1
382753,382708,45,0,45,0,6,12
386879,386863,16,0,16,0,4,5
400208,400203,5,5,0,0,0,1
403416,403354,62,0,62,0,2,4
408325,408324,1,0,1,0,1,1
410249,410226,23,0,23,0,1,1
418853,418853,0,0,0,0,0,0
421016,421012,4,0,4,0,2,2
430183,430183,0,0,0,0,0,0
430247,430245,2,0,2,0,1,1
434335,434328,7,0,7,0,3,3
435315,435206,109,0,109,0,9,17
435031,435013,18,0,18,0,3,6
436897,436897,0,0,0,0,0,0
436404,436400,4,0,4,0,1,1
436652,436652,0,0,0,0,0,0
426552,426546,6,6,0,0,0,2
423385,423380,5,0,5,0,2,2
419239,419231,8,0,8,0,4,5
412928,412911,17,13,4,0,2,3
408354,408343,11,9,2,0,1,3
398932,398900,32,0,32,0,4,6
387990,382614,5376,0,5376,0,14,29
393429,393429,0,0,0,0,0,0
391717,389648,2069,0,2069,0,16,29
866779,854109,12670,0,12670,0,13,26
897311,897205,106,0,106,0,5,8
896373,895065,1308,0,1308,0,11,24
898008,897859,149,0,149,0,6,13
887337,887110,227,0,227,0,11,19
882031,882019,12,0,12,0,2,4
856758,856758,0,0,0,0,0,0
854632,854474,158,0,158,0,9,13
845441,845411,30,0,30,0,4,6
828579,825895,2684,21,2663,0,12,21
810010,802527,7483,0,7483,0,19,40
804989,804963,26,0,26,0,2,3
790844,790823,21,0,21,0,4,4
773080,772008,1072,0,1072,0,13,24
755078,753304,1774,0,1774,0,13,27
742444,742401,43,35,8,0,2,4
731661,731293,368,0,368,0,14,25
722456,722366,90,28,62,0,8,16
710568,710531,37,0,37,0,3,5
694686,694433,253,0,253,0,14,25
681782,681388,394,0,394,0,18,38
664528,664298,230,0,230,0,8,13
658742,658457,285,0,285,0,13,22
642142,642090,52,0,52,0,4,7
634123,634088,35,0,35,0,5,9
