coverage,wt.counts,mut.count,s.count,ns.count,stp.count,aa.sampled,codons.sampled
716517,716517,0,0,0,0,0,0
725560,725559,1,0,1,0,1,1
743259,743239,20,0,20,0,6,6
742611,742588,23,0,23,0,6,10
750889,750843,46,0,46,0,10,13
770649,770544,105,37,68,0,4,8
765829,765741,88,0,88,0,12,18
771149,771142,7,0,7,0,1,1
779097,779082,15,0,15,0,6,7
796342,796306,36,0,36,0,3,8
794476,794476,0,0,0,0,0,0
801995,801966,29,0,29,0,3,6
789208,789208,0,0,0,0,0,0
795845,795843,2,0,2,0,1,1
788793,788617,176,0,176,0,8,14
388641,382701,5940,20,5920,0,13,31
380269,380230,39,25,14,0,3,4
379721,379653,68,0,68,0,8,12
383738,383674,64,0,64,0,4,8
380975,380820,155,22,133,0,11,21
373605,373361,244,0,244,0,11,15
350673,350569,104,0,104,0,8,13
359693,359675,18,5,13,0,1,4
353143,353046,97,0,97,0,16,24
346038,346011,27,0,27,0,5,8
351016,350961,55,0,55,0,8,12
340401,340398,3,0,3,0,2,2
330077,330049,28,0,28,0,7,8
302050,302029,21,0,21,0,3,7
286207,286196,11,0,11,0,2,4
276436,276433,3,0,3,0,2,2
258949,258943,6,0,6,0,1,1
244939,244939,0,0,0,0,0,0
236036,236035,1,0,1,0,1,1
237033,237033,0,0,0,0,0,0
234432,234430,2,0,2,0,1,1
228832,228832,0,0,0,0,0,0
234952,234952,0,0,0,0,0,0
229560,229560,0,0,0,0,0,0
219020,218764,256,5,251,0,2,5
220405,220405,0,0,0,0,0,0
216968,216968,0,0,0,0,0,0
207136,207136,0,0,0,0,0,0
204790,204789,1,0,1,0,1,1
202710,202706,4,0,4,0,2,2
200322,200312,10,0,10,0,2,3
193069,192901,168,0,168,0,13,22
195233,195211,22,0,22,0,5,7
193716,193716,0,0,0,0,0,0
190477,190477,0,0,0,0,0,0
186441,186432,9,0,9,0,4,5
189216,189207,9,0,9,0,3,4
185815,185815,0,0,0,0,0,0
184712,184697,15,0,15,0,1,3
180520,180491,29,0,29,0,6,8
178109,178109,0,0,0,0,0,0
173700,173686,14,0,14,0,2,5
170654,170652,2,0,2,0,1,1
168211,168210,1,0,1,0,1,1
168313,168304,9,0,9,0,3,5
164473,164473,0,0,0,0,0,0
167610,167594,16,0,16,0,5,6
167427,167427,0,0,0,0,0,0
169502,169495,7,0,7,0,1,2
166674,166635,39,2,37,0,12,22
166631,166631,0,0,0,0,0,0
172183,172183,0,0,0,0,0,0
171674,171666,8,6,2,0,1,2
171372,171365,7,0,7,0,3,3
176200,176200,0,0,0,0,0,0
180161,180158,3,0,3,0,1,1
175139,175030,109,0,109,0,2,3
175600,175598,2,0,2,0,1,1
183833,183831,2,0,2,0,1,1
180382,180378,4,0,4,0,1,1
184167,184165,2,0,2,0,2,2
186776,186774,2,0,2,0,2,2
187230,187228,2,0,2,0,2,2
183628,183609,19,16,3,0,1,3
187708,187708,0,0,0,0,0,0
182077,182053,24,22,2,0,1,3
187167,187165,2,0,2,0,2,2
186314,186308,6,5,1,0,1,3
187555,187504,51,1,50,0,2,3
189216,189215,1,0,1,0,1,1
189803,189799,4,0,4,0,2,3
192713,192708,5,3,2,0,2,3
202492,202492,0,0,0,0,0,0
203561,203561,0,0,0,0,0,0
207109,207103,6,0,6,0,3,3
209970,209967,3,0,3,0,1,2
208129,208129,0,0,0,0,0,0
220207,220207,0,0,0,0,0,0
224007,224000,7,0,7,0,2,2
230315,230315,0,0,0,0,0,0
229481,229477,4,0,4,0,3,3
237242,237239,3,0,3,0,2,3
241444,241443,1,0,1,0,1,1
236208,236208,0,0,0,0,0,0
240606,240606,0,0,0,0,0,0
239908,239906,2,0,2,0,1,1
239265,239265,0,0,0,0,0,0
239752,239750,2,0,2,0,1,1
231385,231381,4,0,4,0,2,2
236779,236776,3,0,3,0,2,2
230942,230916,26,0,26,0,12,16
230453,230453,0,0,0,0,0,0
231855,231849,6,0,6,0,2,2
234582,234566,16,0,16,0,6,11
230916,230915,1,0,1,0,1,1
231653,231642,11,10,1,0,1,2
234996,234879,117,0,117,0,14,29
235623,235594,29,0,29,0,3,10
238165,238096,69,6,63,0,9,12
250686,250686,0,0,0,0,0,0
256861,256861,0,0,0,0,0,0
253954,253951,3,0,3,0,1,1
262319,262314,5,0,5,0,1,2
266640,266633,7,0,7,0,3,3
274493,274493,0,0,0,0,0,0
280765,280756,9,0,9,0,3,3
288647,288647,0,0,0,0,0,0
288604,288604,0,0,0,0,0,0
278856,278807,49,0,49,0,7,11
282646,282646,0,0,0,0,0,0
282159,282156,3,0,3,0,1,1
276662,276662,0,0,0,0,0,0
280763,280756,7,0,7,0,2,3
283603,283603,0,0,0,0,0,0
282882,282873,9,0,9,0,2,3
283113,283110,3,2,1,0,1,2
276798,276796,2,0,2,0,1,1
269823,269821,2,0,2,0,1,1
274805,274805,0,0,0,0,0,0
273849,273822,27,24,3,0,2,3
274824,274823,1,0,1,0,1,1
273082,273082,0,0,0,0,0,0
277214,277202,12,0,12,0,5,5
277838,277747,91,0,91,0,10,13
279060,279056,4,0,4,0,1,1
281847,281844,3,0,3,0,2,2
280040,280038,2,0,2,0,2,2
286600,286553,47,0,47,0,8,9
289978,289964,14,7,7,0,3,4
291166,291115,51,0,51,0,5,13
294658,294658,0,0,0,0,0,0
293673,293673,0,0,0,0,0,0
293065,293065,0,0,0,0,0,0
291884,291877,7,0,7,0,3,3
289599,289591,8,0,8,0,2,4
295406,295402,4,0,4,0,1,1
285216,285216,0,0,0,0,0,0
279312,279311,1,0,1,0,1,1
280645,280579,66,0,66,0,5,7
275410,275372,38,30,8,0,3,4
276562,276527,35,9,26,0,9,12
267243,267228,15,0,15,0,7,7
254636,254632,4,0,4,0,1,2
247202,247200,2,0,2,0,2,2
247631,247631,0,0,0,0,0,0
248212,248211,1,0,1,0,1,1
247027,247002,25,0,25,0,6,9
250334,250332,2,0,2,0,2,2
246541,246541,0,0,0,0,0,0
242585,242581,4,0,4,0,3,3
238729,238656,73,0,73,0,7,14
234013,234005,8,0,8,0,3,3
235805,235802,3,0,3,0,1,1
230349,230349,0,0,0,0,0,0
229607,229599,8,5,3,0,1,5
228110,228110,0,0,0,0,0,0
226694,226690,4,4,0,0,0,1
222241,222220,21,0,21,0,3,6
223076,223062,14,0,14,0,4,5
220328,220328,0,0,0,0,0,0
224221,224221,0,0,0,0,0,0
222682,222647,35,0,35,0,4,6
222160,222160,0,0,0,0,0,0
225239,225231,8,0,8,0,2,2
222116,222116,0,0,0,0,0,0
217867,217796,71,0,71,0,4,5
209466,209466,0,0,0,0,0,0
204591,204590,1,0,1,0,1,1
208908,208908,0,0,0,0,0,0
208718,208717,1,0,1,0,1,1
202945,202945,0,0,0,0,0,0
206349,206349,0,0,0,0,0,0
198164,198163,1,0,1,0,1,1
199773,199771,2,0,2,0,1,1
198255,198229,26,0,26,0,4,6
197693,197680,13,4,9,0,3,4
200047,200047,0,0,0,0,0,0
198356,198350,6,0,6,0,1,2
199119,199084,35,0,35,0,4,6
199526,199494,32,0,32,0,5,10
202245,202234,11,0,11,0,4,6
203542,203534,8,0,8,0,4,4
197615,197614,1,0,1,0,1,1
196561,196545,16,0,16,0,4,5
194491,194490,1,0,1,0,1,1
198205,198197,8,0,8,0,3,4
201168,201168,0,0,0,0,0,0
203269,203269,0,0,0,0,0,0
202494,202489,5,0,5,0,2,3
200363,200329,34,0,34,0,7,9
197959,192590,5369,9,5360,0,14,36
200601,199562,1039,0,1039,0,9,19
204073,204068,5,0,5,0,3,3
203003,202850,153,0,153,0,9,13
209799,209795,4,0,4,0,2,3
211582,210546,1036,5,1031,0,14,30
211856,211636,220,25,195,0,13,33
211373,211232,141,0,141,0,15,26
205933,205926,7,0,7,0,3,3
205607,205598,9,6,3,0,1,2
212910,212909,1,0,1,0,1,1
213466,213455,11,0,11,0,2,4
215433,215408,25,0,25,0,10,11
210809,210809,0,0,0,0,0,0
216054,215965,89,15,74,0,14,22
211055,211004,51,0,51,0,6,14
206213,206166,47,0,47,0,5,8
213791,213789,2,0,2,0,1,1
209607,209606,1,0,1,0,1,1
214469,214365,104,0,104,0,10,16
216981,216981,0,0,0,0,0,0
215064,215001,63,0,63,0,9,12
216407,216400,7,0,7,0,2,3
213664,213645,19,0,19,0,5,8
215321,215234,87,0,87,0,7,11
221634,221483,151,10,141,0,14,22
224451,224435,16,0,16,0,7,7
222407,221914,493,0,493,0,12,20
221534,221431,103,0,103,0,7,14
216616,214393,2223,0,2223,0,15,33
219482,219297,185,9,176,0,10,22
219279,219253,26,0,26,0,5,6
220137,220137,0,0,0,0,0,0
220240,220173,67,5,62,0,5,11
220060,220050,10,0,10,0,4,5
220191,220184,7,0,7,0,4,5
222925,222869,56,0,56,0,8,14
222193,222170,23,0,23,0,3,3
222649,222627,22,0,22,0,3,5
222492,222475,17,0,17,0,3,8
224439,224431,8,0,8,0,2,3
221748,221740,8,0,8,0,2,2
221338,221334,4,0,4,0,1,1
218877,218864,13,0,13,0,5,5
216348,216297,51,0,51,0,7,14
213824,213824,0,0,0,0,0,0
214847,214847,0,0,0,0,0,0
216224,216210,14,4,10,0,4,6
215701,215700,1,0,1,0,1,1
215977,215962,15,0,15,0,2,3
219787,219787,0,0,0,0,0,0
224422,224422,0,0,0,0,0,0
225131,225130,1,0,1,0,1,1
221522,221518,4,0,4,0,1,2
218340,218339,1,0,1,0,1,1
220223,220219,4,0,4,0,3,4
218632,218629,3,0,3,0,3,3
219315,219314,1,0,1,0,1,1
220918,220917,1,1,0,0,0,1
221917,221917,0,0,0,0,0,0
219056,219049,7,0,7,0,2,2
214843,214843,0,0,0,0,0,0
210478,210470,8,6,2,0,1,3
210413,210401,12,0,12,0,4,4
208115,208113,2,0,2,0,1,1
205768,205766,2,0,2,0,2,2
210448,210446,2,0,2,0,1,1
211617,211616,1,0,1,0,1,1
211821,211819,2,0,2,0,1,1
211331,211330,1,0,1,0,1,1
207862,207852,10,0,10,0,4,6
205784,205784,0,0,0,0,0,0
205774,205758,16,13,3,0,2,6
203731,203731,0,0,0,0,0,0
205161,205161,0,0,0,0,0,0
205423,205413,10,0,10,0,2,2
203172,203172,0,0,0,0,0,0
196472,196466,6,0,6,0,2,4
199350,199323,27,0,27,0,3,5
198926,198909,17,0,17,0,6,6
203609,203580,29,27,2,0,1,2
206416,206415,1,0,1,0,1,1
212750,212738,12,0,12,0,6,6
208100,208063,37,0,37,0,5,11
207702,207677,25,0,25,0,6,10
208203,208203,0,0,0,0,0,0
206054,206049,5,0,5,0,2,3
203990,203989,1,0,1,0,1,1
207010,206962,48,0,48,0,4,6
208430,208426,4,0,4,0,2,2
208226,208224,2,0,2,0,1,1
208194,208193,1,0,1,0,1,1
212541,212523,18,0,18,0,4,6
212266,212245,21,0,21,0,6,7
209488,209488,0,0,0,0,0,0
207327,207326,1,0,1,0,1,1
205172,205156,16,0,16,0,2,2
206527,206497,30,0,30,0,6,11
210758,210729,29,0,29,0,9,13
213272,213268,4,0,4,0,3,3
214050,214039,11,8,3,0,2,3
212251,212244,7,0,7,0,2,3
210896,210882,14,0,14,0,3,4
209001,208999,2,0,2,0,2,2
205350,205350,0,0,0,0,0,0
210714,210714,0,0,0,0,0,0
206325,206309,16,0,16,0,3,4
211163,211163,0,0,0,0,0,0
214432,214428,4,0,4,0,1,2
212587,212578,9,0,9,0,2,4
210352,210338,14,0,14,0,4,5
207865,207865,0,0,0,0,0,0
204159,204157,2,0,2,0,1,2
200275,200275,0,0,0,0,0,0
206225,206169,56,0,56,0,9,14
205821,205787,34,0,34,0,4,8
205668,205668,0,0,0,0,0,0
198303,198303,0,0,0,0,0,0
193512,193510,2,0,2,0,1,2
189921,189921,0,0,0,0,0,0
189181,189179,2,2,0,0,0,1
192950,192934,16,12,4,0,2,3
193911,193899,12,8,4,0,3,6
189978,189977,1,0,1,0,1,1
187492,187401,91,0,91,0,13,24
181496,181405,91,0,91,0,10,21
183815,183815,0,0,0,0,0,0
186361,186360,1,0,1,0,1,1
183638,183635,3,3,0,0,0,2
182873,182873,0,0,0,0,0,0
184286,184272,14,0,14,0,3,4
180042,180036,6,0,6,0,3,4
183351,183307,44,0,44,0,6,13
188945,188942,3,0,3,0,2,2
188686,188686,0,0,0,0,0,0
187703,187703,0,0,0,0,0,0
187466,187450,16,15,1,0,1,5
186857,186851,6,0,6,0,2,2
191696,191692,4,0,4,0,1,1
190077,190076,1,0,1,0,1,1
195223,195221,2,0,2,0,1,1
194392,194392,0,0,0,0,0,0
192424,192421,3,0,3,0,1,1
188594,188594,0,0,0,0,0,0
188307,188307,0,0,0,0,0,0
188155,188155,0,0,0,0,0,0
191648,191648,0,0,0,0,0,0
193754,193750,4,4,0,0,0,1
193162,193157,5,0,5,0,1,1
195558,195532,26,0,26,0,2,3
202664,202656,8,0,8,0,1,1
202016,202016,0,0,0,0,0,0
202400,202400,0,0,0,0,0,0
197267,197267,0,0,0,0,0,0
200191,200191,0,0,0,0,0,0
202129,202129,0,0,0,0,0,0
202518,202498,20,0,20,0,5,8
202268,202267,1,0,1,0,1,1
200200,200200,0,0,0,0,0,0
199965,199938,27,0,27,0,5,10
198998,198997,1,0,1,0,1,1
198138,198114,24,0,24,0,6,8
174418,174418,0,0,0,0,0,0
201262,201258,4,0,4,0,2,3
205052,205052,0,0,0,0,0,0
211695,211688,7,0,7,0,3,5
209662,209654,8,0,8,0,2,3
203254,202137,1117,0,1117,0,8,13
202880,202880,0,0,0,0,0,0
204521,204518,3,2,1,0,1,2
202274,202267,7,0,7,0,3,4
205983,205983,0,0,0,0,0,0
206022,206018,4,0,4,0,2,2
210804,210786,18,0,18,0,7,11
209827,209827,0,0,0,0,0,0
207300,207299,1,0,1,0,1,1
209517,209517,0,0,0,0,0,0
207569,207561,8,2,6,0,2,4
210920,210919,1,0,1,0,1,1
210275,210267,8,0,8,0,4,5
213819,213817,2,0,2,0,2,2
221484,221482,2,0,2,0,2,2
219367,219339,28,0,28,0,5,9
216205,216205,0,0,0,0,0,0
219183,219122,61,0,61,0,6,14
217801,213630,4171,0,4171,0,16,39
228517,228488,29,0,29,0,7,9
220828,220773,55,0,55,0,7,12
221450,221282,168,0,168,0,6,7
223970,216543,7427,0,7427,0,11,28
237696,237643,53,13,40,0,4,10
237598,237598,0,0,0,0,0,0
242207,242207,0,0,0,0,0,0
251950,251933,17,0,17,0,5,7
249963,249962,1,0,1,0,1,1
251465,251353,112,0,112,0,9,17
255110,255102,8,0,8,0,2,3
257137,257125,12,0,12,0,6,7
256009,256007,2,0,2,0,2,2
257667,257633,34,29,5,0,2,4
254878,254865,13,11,2,0,1,3
251331,251331,0,0,0,0,0,0
251226,251198,28,0,28,0,4,5
254521,254502,19,0,19,0,4,6
260581,260521,60,0,60,0,8,17
265617,265597,20,0,20,0,5,5
266595,266551,44,0,44,0,6,9
267500,267374,126,0,126,0,12,17
263767,263767,0,0,0,0,0,0
266429,266422,7,0,7,0,2,2
262827,262810,17,0,17,0,3,4
267588,267588,0,0,0,0,0,0
266888,266873,15,0,15,0,5,8
267795,267778,17,6,11,0,2,4
265227,265218,9,0,9,0,4,4
260009,260008,1,0,1,0,1,1
261351,261350,1,0,1,0,1,1
257568,257484,84,0,84,0,10,17
260712,260678,34,16,18,0,6,10
260950,260853,97,11,86,0,11,21
258165,258152,13,0,13,0,6,6
258245,258241,4,0,4,0,2,3
261277,261221,56,18,38,0,8,12
251666,251651,15,4,11,0,1,2
248777,248775,2,0,2,0,1,1
248793,248791,2,0,2,0,2,2
242516,242499,17,8,9,0,3,5
239117,239115,2,0,2,0,2,2
238633,238633,0,0,0,0,0,0
236469,236456,13,0,13,0,1,3
232819,232817,2,0,2,0,1,1
233087,233074,13,0,13,0,4,5
235523,235521,2,0,2,0,1,2
232657,232657,0,0,0,0,0,0
233453,233448,5,0,5,0,1,2
234144,234144,0,0,0,0,0,0
237749,237746,3,0,3,0,1,1
242061,242055,6,6,0,0,0,1
242176,242176,0,0,0,0,0,0
239043,239033,10,10,0,0,0,2
237604,237581,23,0,23,0,3,5
236312,236311,1,0,1,0,1,1
231867,231864,3,3,0,0,0,1
227679,227679,0,0,0,0,0,0
224372,224371,1,0,1,0,1,1
230610,230607,3,0,3,0,2,2
227407,227405,2,0,2,0,2,2
230912,230904,8,0,8,0,3,5
224117,224114,3,0,3,0,2,2
222581,222572,9,8,1,0,1,3
221856,221851,5,0,5,0,2,3
220539,220539,0,0,0,0,0,0
220518,220505,13,0,13,0,2,4
222111,222106,5,0,5,0,1,2
223545,223544,1,0,1,0,1,1
213214,213214,0,0,0,0,0,0
210783,210782,1,0,1,0,1,1
215159,215158,1,0,1,0,1,1
212142,212136,6,6,0,0,0,1
215420,215408,12,0,12,0,2,4
215422,215419,3,0,3,0,1,1
197474,197464,10,7,3,0,1,3
215210,215210,0,0,0,0,0,0
213645,213642,3,0,3,0,1,1
214571,214571,0,0,0,0,0,0
219061,219054,7,0,7,0,2,2
219795,219795,0,0,0,0,0,0
223557,223520,37,0,37,0,10,14
212728,212723,5,0,5,0,3,4
214767,214637,130,0,130,0,11,23
208305,208228,77,0,77,0,12,20
214624,214622,2,0,2,0,2,2
212415,212402,13,0,13,0,6,7
213258,213256,2,0,2,0,1,1
215973,215962,11,0,11,0,3,3
220612,220611,1,0,1,0,1,1
224376,224370,6,6,0,0,0,1
224395,224392,3,0,3,0,1,2
220042,220040,2,0,2,0,2,2
222554,222552,2,0,2,0,1,1
220713,220701,12,0,12,0,3,6
214807,214790,17,0,17,0,2,4
213452,213450,2,0,2,0,1,2
211802,211801,1,0,1,0,1,1
213888,213888,0,0,0,0,0,0
215063,215063,0,0,0,0,0,0
217343,217340,3,3,0,0,0,1
219422,219422,0,0,0,0,0,0
219531,219527,4,4,0,0,0,1
213768,213742,26,25,1,0,1,4
218521,218497,24,0,24,0,2,4
222043,222039,4,0,4,0,2,2
223320,223318,2,0,2,0,1,1
221407,221331,76,0,76,0,2,3
220557,220535,22,0,22,0,3,4
222099,222097,2,0,2,0,1,1
218878,218878,0,0,0,0,0,0
221789,221786,3,0,3,0,1,1
223223,223209,14,12,2,0,1,4
225245,225240,5,0,5,0,3,4
225683,225683,0,0,0,0,0,0
226952,226951,1,0,1,0,1,1
214470,214468,2,0,2,0,1,1
221751,221748,3,1,2,0,1,2
207281,207278,3,0,3,0,2,2
218088,218072,16,0,16,0,2,3
218452,218411,41,0,41,0,8,14
219063,218918,145,3,142,0,16,30
218162,218162,0,0,0,0,0,0
218102,218056,46,0,46,0,7,14
214289,214289,0,0,0,0,0,0
213227,213222,5,0,5,0,3,3
206019,205997,22,0,22,0,7,10
204170,204167,3,0,3,0,1,1
203890,203890,0,0,0,0,0,0
202376,202346,30,0,30,0,6,10
208723,208718,5,0,5,0,3,3
210023,210021,2,0,2,0,1,1
212250,212230,20,0,20,0,4,7
210471,210469,2,0,2,0,1,1
209082,209081,1,0,1,0,1,1
206068,206068,0,0,0,0,0,0
204699,204699,0,0,0,0,0,0
204408,204408,0,0,0,0,0,0
201123,201102,21,0,21,0,2,2
206099,206096,3,0,3,0,1,1
211745,211740,5,0,5,0,2,2
209651,209651,0,0,0,0,0,0
205082,205055,27,0,27,0,2,5
204645,204606,39,0,39,0,7,12
202137,202070,67,0,67,0,5,10
199884,199444,440,0,440,0,9,15
201793,201543,250,14,236,0,7,15
201306,200663,643,7,636,0,5,13
200332,200289,43,0,43,0,3,3
203492,203407,85,0,85,0,9,21
201643,201641,2,0,2,0,2,2
197878,197878,0,0,0,0,0,0
197731,197712,19,0,19,0,6,8
199790,199781,9,0,9,0,2,2
194687,194679,8,0,8,0,2,3
192319,192312,7,6,1,0,1,2
190313,190305,8,0,8,0,2,3
187989,187989,0,0,0,0,0,0
179083,179083,0,0,0,0,0,0
182828,182828,0,0,0,0,0,0
181542,181542,0,0,0,0,0,0
182047,182047,0,0,0,0,0,0
177106,177102,4,0,4,0,3,3
176894,176892,2,2,0,0,0,2
170349,170348,1,0,1,0,1,1
173510,173508,2,2,0,0,0,1
174279,174276,3,0,3,0,1,2
165997,165997,0,0,0,0,0,0
158518,158514,4,0,4,0,2,3
160080,160067,13,0,13,0,5,6
166967,166966,1,0,1,0,1,1
172193,172179,14,0,14,0,3,3
178199,178092,107,1,106,0,7,12
180041,180037,4,0,4,0,2,2
173248,168407,4841,0,4841,0,17,45
175312,175054,258,0,258,0,9,20
170863,170855,8,0,8,0,3,3
169035,168970,65,0,65,0,6,7
158508,158507,1,0,1,0,1,1
172631,172631,0,0,0,0,0,0
170841,170784,57,0,57,0,10,16
166866,166740,126,0,126,0,16,30
177890,177814,76,0,76,0,8,15
176607,176441,166,0,166,0,10,24
180148,179917,231,0,231,0,15,29
183304,183266,38,0,38,0,9,14
185407,185350,57,0,57,0,6,11
183618,183495,123,0,123,0,13,23
182678,182545,133,0,133,0,13,28
177219,177029,190,0,190,0,15,22
184422,184387,35,0,35,0,5,10
188038,187992,46,9,37,0,10,16
188784,188784,0,0,0,0,0,0
194683,194662,21,0,21,0,6,7
197464,197450,14,0,14,0,1,3
200738,200737,1,0,1,0,1,1
201303,201283,20,0,20,0,8,11
203191,203163,28,0,28,0,6,9
203249,203220,29,0,29,0,6,7
206693,206689,4,0,4,0,3,4
207343,207305,38,0,38,0,6,9
207986,207900,86,0,86,0,11,14
211814,211814,0,0,0,0,0,0
212242,212172,70,34,36,0,3,8
213421,213323,98,0,98,0,6,14
215676,215634,42,0,42,0,6,11
216601,216601,0,0,0,0,0,0
219930,219928,2,0,2,0,1,1
220467,220464,3,0,3,0,2,2
219404,219403,1,1,0,0,0,1
215504,215504,0,0,0,0,0,0
219112,219109,3,0,3,0,2,2
220166,220160,6,0,6,0,2,2
224826,224826,0,0,0,0,0,0
226238,226238,0,0,0,0,0,0
224079,224079,0,0,0,0,0,0
225767,225767,0,0,0,0,0,0
229107,229107,0,0,0,0,0,0
229609,229604,5,0,5,0,1,2
222035,222035,0,0,0,0,0,0
224598,224598,0,0,0,0,0,0
223979,223972,7,0,7,0,3,3
221311,221311,0,0,0,0,0,0
218722,218722,0,0,0,0,0,0
220503,220503,0,0,0,0,0,0
218733,218713,20,0,20,0,4,5
217212,217128,84,0,84,0,3,3
217642,217638,4,0,4,0,2,2
216735,216726,9,0,9,0,1,2
214290,214281,9,9,0,0,0,1
212412,212378,34,0,34,0,6,10
211442,211442,0,0,0,0,0,0
210117,210030,87,0,87,0,11,20
207652,207652,0,0,0,0,0,0
205042,205022,20,0,20,0,9,10
202898,202898,0,0,0,0,0,0
205912,205893,19,8,11,0,3,6
205214,205214,0,0,0,0,0,0
210300,210283,17,17,0,0,0,2
208964,208964,0,0,0,0,0,0
212223,212218,5,5,0,0,0,2
210104,210088,16,0,16,0,2,2
207236,207220,16,0,16,0,4,5
205017,205017,0,0,0,0,0,0
203436,203436,0,0,0,0,0,0
204989,204987,2,0,2,0,1,1
206118,206117,1,1,0,0,0,1
214745,214741,4,0,4,0,1,1
213231,213225,6,4,2,0,1,3
212581,212576,5,1,4,0,1,3
212659,212659,0,0,0,0,0,0
208021,208020,1,0,1,0,1,1
213233,213233,0,0,0,0,0,0
216178,216171,7,0,7,0,4,5
215074,215070,4,0,4,0,3,3
213065,213053,12,0,12,0,3,3
217438,217421,17,0,17,0,8,9
216222,216222,0,0,0,0,0,0
215779,215473,306,0,306,0,15,31
214167,214162,5,0,5,0,2,2
211943,211783,160,9,151,0,14,27
213163,213161,2,0,2,0,2,2
216165,216117,48,0,48,0,6,9
214138,214047,91,0,91,0,10,18
216088,216079,9,0,9,0,4,4
216325,216322,3,0,3,0,2,2
216135,216132,3,0,3,0,2,2
213850,213847,3,0,3,0,2,2
211313,211309,4,0,4,0,2,2
204849,204717,132,0,132,0,12,23
211071,211056,15,5,10,0,3,5
214022,214005,17,0,17,0,5,7
213447,213391,56,0,56,0,7,15
212869,212855,14,1,13,0,5,8
212643,212635,8,0,8,0,2,3
215904,215903,1,0,1,0,1,1
213613,213608,5,0,5,0,1,3
208681,208681,0,0,0,0,0,0
210006,210001,5,4,1,0,1,3
211618,211613,5,4,1,0,1,3
213341,213321,20,18,2,0,1,3
207910,207909,1,0,1,0,1,1
204719,204708,11,3,8,0,2,5
205891,205889,2,0,2,0,1,1
202081,202073,8,0,8,0,4,4
188450,188450,0,0,0,0,0,0
207088,207088,0,0,0,0,0,0
206629,206624,5,0,5,0,3,4
209837,209832,5,0,5,0,1,1
205508,205508,0,0,0,0,0,0
203040,203038,2,0,2,0,1,1
201805,201801,4,0,4,0,1,3
203139,203138,1,1,0,0,0,1
202913,202913,0,0,0,0,0,0
205244,205236,8,0,8,0,1,1
207211,207211,0,0,0,0,0,0
208384,208384,0,0,0,0,0,0
211269,211269,0,0,0,0,0,0
209561,209559,2,0,2,0,1,2
204544,204534,10,0,10,0,3,4
203127,203122,5,5,0,0,0,2
206756,206751,5,0,5,0,3,3
206479,206437,42,0,42,0,5,9
208917,208897,20,0,20,0,6,9
207699,207639,60,0,60,0,7,11
210554,210542,12,5,7,0,3,4
218964,218796,168,0,168,0,12,22
224046,223928,118,0,118,0,12,21
222934,222763,171,0,171,0,11,26
224345,224317,28,0,28,0,7,9
226055,226025,30,0,30,0,7,11
225207,225202,5,0,5,0,2,2
221616,221585,31,0,31,0,4,8
227473,227465,8,0,8,0,2,3
231121,231089,32,0,32,0,9,10
224493,224487,6,0,6,0,2,2
222626,222621,5,0,5,0,2,2
224753,224753,0,0,0,0,0,0
220874,220874,0,0,0,0,0,0
217949,217949,0,0,0,0,0,0
223545,223542,3,0,3,0,1,1
228986,228984,2,0,2,0,1,1
228710,228702,8,0,8,0,3,5
227097,227095,2,0,2,0,1,1
225280,225280,0,0,0,0,0,0
222606,222606,0,0,0,0,0,0
223284,223284,0,0,0,0,0,0
227067,227067,0,0,0,0,0,0
230035,230021,14,0,14,0,5,6
228517,228514,3,0,3,0,2,2
227400,227392,8,0,8,0,5,5
225069,225006,63,0,63,0,8,19
226135,226116,19,0,19,0,8,11
225939,225935,4,0,4,0,2,2
227870,227853,17,1,16,0,4,7
231542,231542,0,0,0,0,0,0
235043,235036,7,0,7,0,3,3
235830,235830,0,0,0,0,0,0
233898,233898,0,0,0,0,0,0
231557,231556,1,0,1,0,1,1
227487,227485,2,2,0,0,0,1
226432,226428,4,0,4,0,2,2
230207,230207,0,0,0,0,0,0
226332,226331,1,0,1,0,1,1
219710,219704,6,4,2,0,1,2
220528,220512,16,0,16,0,2,2
217039,217039,0,0,0,0,0,0
216000,215999,1,0,1,0,1,1
216468,216436,32,0,32,0,7,12
211946,211938,8,0,8,0,3,3
204022,203994,28,0,28,0,6,9
196016,196003,13,0,13,0,5,7
204275,204268,7,0,7,0,2,3
206914,206910,4,0,4,0,2,3
204816,204809,7,0,7,0,2,2
202991,202987,4,3,1,0,1,2
197672,197669,3,0,3,0,1,2
191829,191825,4,2,2,0,1,2
184133,184129,4,0,4,0,1,2
186564,186562,2,0,2,0,1,1
183258,183258,0,0,0,0,0,0
184911,184909,2,2,0,0,0,1
185571,185568,3,0,3,0,1,1
182250,182245,5,0,5,0,1,1
176273,176272,1,0,1,0,1,1
170266,170266,0,0,0,0,0,0
172874,172862,12,0,12,0,1,1
172262,172262,0,0,0,0,0,0
169047,169043,4,0,4,0,2,2
165013,165008,5,0,5,0,3,3
162387,162386,1,0,1,0,1,1
161811,161811,0,0,0,0,0,0
155752,155750,2,0,2,0,1,1
153749,153749,0,0,0,0,0,0
149864,149864,0,0,0,0,0,0
151247,151223,24,4,20,0,5,9
148634,148622,12,0,12,0,5,6
148201,148195,6,0,6,0,2,2
147036,146961,75,3,72,0,11,19
139776,139765,11,3,8,0,2,5
133637,133515,122,0,122,0,11,21
133881,133875,6,0,6,0,2,2
133224,133053,171,0,171,0,9,17
131072,131072,0,0,0,0,0,0
129476,129476,0,0,0,0,0,0
128793,128597,196,0,196,0,12,15
130312,130304,8,0,8,0,2,3
128459,128449,10,0,10,0,5,6
125715,125686,29,27,2,0,2,3
128060,128052,8,0,8,0,5,6
125245,125208,37,0,37,0,8,14
121975,121971,4,0,4,0,3,3
122271,122271,0,0,0,0,0,0
123122,123107,15,0,15,0,3,4
123999,123993,6,0,6,0,3,3
126894,126894,0,0,0,0,0,0
121764,121761,3,0,3,0,2,3
114357,114340,17,17,0,0,0,3
119085,119085,0,0,0,0,0,0
118734,118734,0,0,0,0,0,0
122742,122737,5,0,5,0,2,3
125337,125297,40,0,40,0,13,16
127198,127193,5,0,5,0,1,4
125250,125244,6,2,4,0,1,2
128779,128771,8,0,8,0,4,4
133896,133893,3,0,3,0,2,2
138031,138021,10,0,10,0,4,5
141107,141094,13,0,13,0,6,6
143507,143380,127,0,127,0,15,33
144495,144494,1,1,0,0,0,1
152097,152082,15,0,15,0,3,5
158393,158385,8,0,8,0,1,3
174432,174430,2,2,0,0,0,1
180748,180722,26,0,26,0,3,4
188579,188575,4,0,4,0,2,2
196467,196458,9,0,9,0,3,3
211156,211156,0,0,0,0,0,0
214332,214321,11,0,11,0,2,2
223169,223169,0,0,0,0,0,0
228295,228295,0,0,0,0,0,0
241361,241358,3,0,3,0,2,2
246706,246630,76,0,76,0,7,17
257369,257352,17,0,17,0,3,4
263477,263477,0,0,0,0,0,0
271794,271793,1,0,1,0,1,1
283991,283991,0,0,0,0,0,0
281779,281771,8,6,2,0,2,3
289471,289464,7,0,7,0,1,2
292365,292360,5,0,5,0,2,2
297533,297525,8,8,0,0,0,1
306715,306711,4,4,0,0,0,1
308308,308295,13,0,13,0,3,5
312343,309664,2679,0,2679,0,13,28
324455,324455,0,0,0,0,0,0
328541,327378,1163,0,1163,0,15,29
620975,616586,4389,0,4389,0,12,22
627546,627442,104,0,104,0,6,9
628707,628171,536,0,536,0,10,22
634047,633947,100,0,100,0,10,15
626384,626253,131,0,131,0,9,17
624537,624530,7,0,7,0,1,2
603076,603071,5,0,5,0,2,2
611496,611364,132,0,132,0,11,16
605091,605075,16,0,16,0,2,3
593958,592149,1809,11,1798,0,13,26
585536,582747,2789,0,2789,0,18,37
583040,583037,3,0,3,0,2,2
574579,574573,6,0,6,0,1,1
560090,559012,1078,0,1078,0,15,26
539138,538129,1009,0,1009,0,12,24
530931,530899,32,29,3,0,3,4
521554,521313,241,0,241,0,15,25
517192,517119,73,23,50,0,7,14
504795,504768,27,0,27,0,4,4
492943,492821,122,0,122,0,12,28
480102,479762,340,0,340,0,17,38
465828,465710,118,0,118,0,7,16
461235,461003,232,0,232,0,15,25
444201,444179,22,0,22,0,5,7
435518,435452,66,0,66,0,10,14
