coverage,wt.counts,mut.count,s.count,ns.count,stp.count,aa.sampled,codons.sampled
1139473,1139473,0,0,0,0,0,0
1157397,1157397,0,0,0,0,0,0
1185697,1185671,26,0,26,0,6,6
1203565,1203522,43,0,43,0,4,7
1221384,1221274,110,0,110,0,8,10
1244155,1243969,186,97,89,0,4,9
1246663,1246500,163,0,163,0,9,12
1268763,1268733,30,0,30,0,3,3
1279770,1279721,49,0,49,0,3,4
1313481,1313302,179,0,179,0,3,5
1322921,1322921,0,0,0,0,0,0
1341238,1341187,51,0,51,0,4,7
1349005,1349001,4,0,4,0,1,1
1378061,1378051,10,0,10,0,3,3
1378109,1377941,168,0,168,0,6,11
558493,530817,27676,19,27657,0,14,30
576582,576547,35,7,28,0,5,7
587532,587423,109,0,109,0,11,14
606559,606465,94,0,94,0,5,9
619676,619566,110,16,94,0,11,18
627177,626823,354,0,354,0,10,14
630117,629948,169,0,169,0,6,11
646638,646625,13,4,9,0,1,2
658771,658649,122,0,122,0,12,20
664430,664403,27,0,27,0,5,7
685291,685144,147,0,147,0,8,17
686401,686382,19,0,19,0,1,3
690081,689987,94,0,94,0,7,9
677722,677693,29,0,29,0,3,5
675138,675129,9,0,9,0,1,3
671186,671180,6,0,6,0,1,1
661070,661069,1,0,1,0,1,1
647579,647579,0,0,0,0,0,0
635179,635179,0,0,0,0,0,0
646485,646484,1,0,1,0,1,1
651565,651561,4,0,4,0,2,2
646164,646151,13,0,13,0,1,1
657018,657013,5,5,0,0,0,1
650495,650494,1,0,1,0,1,1
636078,634235,1843,9,1834,0,2,4
636432,636430,2,0,2,0,1,1
634742,634740,2,0,2,0,1,1
631854,631854,0,0,0,0,0,0
632005,632005,0,0,0,0,0,0
627019,626971,48,0,48,0,7,8
620122,620070,52,0,52,0,5,7
606049,605195,854,0,854,0,15,23
603388,603233,155,0,155,0,9,18
598794,598790,4,0,4,0,2,2
589236,589235,1,0,1,0,1,1
573926,573874,52,0,52,0,8,9
576199,576150,49,0,49,0,3,5
564435,564435,0,0,0,0,0,0
552053,552041,12,0,12,0,3,3
541112,541041,71,0,71,0,5,5
533148,533147,1,0,1,0,1,1
525412,525374,38,0,38,0,5,8
514569,514538,31,0,31,0,3,5
506650,506638,12,0,12,0,2,2
503005,502912,93,0,93,0,6,9
489446,489445,1,0,1,0,1,1
485318,485278,40,0,40,0,5,8
476244,476244,0,0,0,0,0,0
475596,475535,61,16,45,0,2,5
465113,464986,127,15,112,0,9,18
459469,459461,8,0,8,0,2,2
460758,460755,3,0,3,0,1,1
456940,456914,26,25,1,0,1,3
452848,452827,21,0,21,0,4,5
457185,457173,12,7,5,0,2,3
459043,459037,6,0,6,0,2,2
447215,446968,247,0,247,0,2,2
440379,440378,1,0,1,0,1,1
445794,445793,1,0,1,0,1,1
441160,441159,1,0,1,0,1,1
442161,442146,15,0,15,0,3,4
441081,441073,8,0,8,0,4,4
432026,432025,1,0,1,0,1,1
420179,420135,44,44,0,0,0,3
450657,450657,0,0,0,0,0,0
432531,432515,16,13,3,0,2,4
447520,447512,8,0,8,0,2,3
444751,444722,29,29,0,0,0,2
440919,440428,491,7,484,0,3,7
442619,442616,3,0,3,0,1,1
444146,444141,5,0,5,0,2,2
445035,445012,23,15,8,0,2,3
454959,454959,0,0,0,0,0,0
456678,456677,1,0,1,0,1,1
457413,457402,11,4,7,0,2,4
459908,459905,3,0,3,0,2,2
452262,452262,0,0,0,0,0,0
466705,466705,0,0,0,0,0,0
470454,470445,9,0,9,0,3,4
473474,473474,0,0,0,0,0,0
474695,474690,5,0,5,0,2,2
480868,480863,5,0,5,0,2,2
485919,485919,0,0,0,0,0,0
483663,483662,1,0,1,0,1,1
486030,486030,0,0,0,0,0,0
487008,486992,16,0,16,0,4,5
487212,487208,4,0,4,0,2,2
484392,484378,14,0,14,0,2,2
477836,477836,0,0,0,0,0,0
480650,480649,1,0,1,0,1,1
473349,473312,37,0,37,0,9,14
470725,470725,0,0,0,0,0,0
473938,473937,1,0,1,0,1,1
476321,476284,37,0,37,0,4,6
471461,471460,1,0,1,0,1,1
471687,471681,6,6,0,0,0,1
471576,471353,223,0,223,0,15,30
465048,465001,47,0,47,0,4,9
473698,473576,122,8,114,0,6,11
483181,483181,0,0,0,0,0,0
456408,456407,1,0,1,0,1,1
454705,454701,4,0,3,1,2,2
461711,461702,9,0,9,0,1,2
467783,467779,4,0,4,0,3,3
477776,477775,1,0,1,0,1,1
482491,482447,44,0,44,0,4,5
490151,490151,0,0,0,0,0,0
489049,489048,1,0,1,0,1,1
481987,481922,65,0,65,0,6,12
487271,487271,0,0,0,0,0,0
488560,488560,0,0,0,0,0,0
485447,485447,0,0,0,0,0,0
486778,486728,50,0,50,0,2,3
489907,489901,6,0,6,0,4,4
488255,488244,11,0,11,0,2,3
488689,488673,16,16,0,0,0,2
487708,487708,0,0,0,0,0,0
482182,482182,0,0,0,0,0,0
484359,484359,0,0,0,0,0,0
484155,484148,7,6,1,0,1,2
484967,484967,0,0,0,0,0,0
484070,484070,0,0,0,0,0,0
487786,487775,11,0,11,0,3,3
487130,486922,208,0,208,0,13,20
492589,492589,0,0,0,0,0,0
496426,496422,4,0,4,0,2,2
494946,494941,5,0,5,0,2,2
500566,500472,94,0,94,0,8,11
500947,500924,23,13,10,0,3,7
499716,499595,121,0,121,0,6,11
501696,501696,0,0,0,0,0,0
499461,499461,0,0,0,0,0,0
498037,498037,0,0,0,0,0,0
496568,496567,1,0,1,0,1,1
493330,493322,8,0,8,0,1,1
497414,497398,16,0,16,0,3,3
487817,487817,0,0,0,0,0,0
482192,482191,1,0,1,0,1,1
482490,482320,170,0,170,0,3,6
478955,478903,52,41,11,0,2,5
478883,478825,58,6,52,0,7,9
471850,471831,19,0,19,0,8,9
459308,459298,10,4,6,0,3,4
453358,453355,3,0,3,0,2,2
455805,455805,0,0,0,0,0,0
453261,453260,1,0,1,0,1,1
453230,453155,75,0,75,0,2,5
452981,452976,5,0,5,0,1,1
448392,448392,0,0,0,0,0,0
444373,444373,0,0,0,0,0,0
441279,441151,128,0,128,0,6,9
438699,438689,10,0,10,0,2,2
437691,437691,0,0,0,0,0,0
427481,427481,0,0,0,0,0,0
426397,426392,5,5,0,0,0,2
424910,424910,0,0,0,0,0,0
422029,422007,22,15,7,0,3,4
421107,421075,32,0,32,0,3,5
421126,421073,53,0,53,0,6,12
417901,417899,2,0,2,0,2,2
422551,422545,6,0,6,0,2,3
420945,420919,26,0,26,0,4,5
419289,419285,4,0,4,0,1,1
425703,425697,6,0,6,0,2,2
424708,424708,0,0,0,0,0,0
424171,424004,167,0,167,0,2,3
416211,416211,0,0,0,0,0,0
413855,413855,0,0,0,0,0,0
415958,415958,0,0,0,0,0,0
415633,415632,1,0,1,0,1,1
411318,411318,0,0,0,0,0,0
413804,413801,3,0,3,0,1,1
410437,410437,0,0,0,0,0,0
415144,415144,0,0,0,0,0,0
415571,415535,36,0,36,0,6,8
416806,416775,31,27,4,0,1,3
416828,416824,4,0,4,0,2,2
413582,413577,5,0,5,0,2,2
412919,412841,78,0,78,0,5,7
412210,412157,53,0,53,0,9,16
415722,415714,8,0,8,0,2,3
414202,414191,11,0,11,0,3,3
408076,408075,1,0,1,0,1,1
406602,406598,4,0,4,0,2,3
406059,406059,0,0,0,0,0,0
409253,409244,9,0,9,0,3,4
414008,414008,0,0,0,0,0,0
416042,416041,1,0,1,0,1,1
414354,414349,5,0,5,0,1,2
413222,412822,400,0,400,0,6,8
404470,382371,22099,4,22095,0,16,41
411573,407854,3719,0,3717,2,12,24
419291,419289,2,0,2,0,1,1
417868,417559,309,0,309,0,9,17
421494,421493,1,0,1,0,1,1
423456,421814,1642,14,1628,0,15,32
421760,421244,516,33,483,0,15,36
417590,417300,290,0,290,0,13,24
411340,411319,21,0,21,0,6,8
410459,410447,12,0,12,0,2,2
411552,411545,7,0,7,0,1,1
410872,410863,9,0,9,0,2,3
408200,408175,25,0,25,0,5,6
403694,403688,6,0,6,0,1,1
409727,409591,136,8,128,0,13,22
406045,405887,158,0,158,0,8,13
398795,398666,129,0,129,0,7,12
407659,407655,4,0,4,0,1,1
403009,403008,1,0,1,0,1,1
402314,402230,84,0,84,0,12,17
402974,402974,0,0,0,0,0,0
396913,396800,113,0,113,0,8,10
396392,396379,13,0,13,0,4,6
392844,392830,14,0,14,0,5,6
392565,392437,128,0,128,0,12,16
397817,397556,261,2,259,0,14,26
403793,403767,26,0,26,0,6,7
399857,399167,690,0,690,0,9,16
400018,399840,178,0,178,0,8,13
395567,392965,2602,0,2602,0,16,35
399155,398926,229,8,221,0,9,21
397468,397415,53,0,53,0,6,8
398273,398273,0,0,0,0,0,0
397503,397399,104,2,102,0,5,8
396606,396592,14,0,14,0,4,8
396761,396742,19,0,19,0,4,4
399401,399283,118,0,118,0,7,14
396210,396197,13,0,13,0,3,3
394325,394302,23,0,23,0,3,5
391767,391749,18,0,18,0,4,6
393634,393632,2,0,2,0,1,1
394259,394247,12,0,12,0,1,1
393884,393873,11,0,11,0,4,4
391263,391246,17,0,17,0,4,4
387962,387888,74,0,74,0,6,11
385773,385768,5,0,3,2,2,2
385691,385690,1,0,1,0,1,1
386532,386514,18,6,12,0,4,6
386908,386892,16,0,16,0,4,5
387065,387047,18,0,18,0,4,5
392102,392102,0,0,0,0,0,0
394863,394845,18,0,18,0,3,4
396005,396002,3,0,3,0,1,1
392991,392991,0,0,0,0,0,0
391801,391800,1,0,1,0,1,1
395061,395058,3,0,3,0,2,3
395141,395141,0,0,0,0,0,0
395777,395776,1,0,1,0,1,1
397149,397146,3,3,0,0,0,1
399925,399918,7,0,7,0,1,2
399106,399103,3,0,3,0,1,1
396640,396640,0,0,0,0,0,0
395419,395364,55,18,37,0,1,2
394986,394935,51,0,51,0,3,6
393723,393711,12,0,12,0,1,2
388189,388172,17,0,17,0,1,2
390204,390204,0,0,0,0,0,0
392224,392220,4,0,4,0,1,1
393706,393706,0,0,0,0,0,0
393098,393098,0,0,0,0,0,0
390238,390211,27,0,27,0,3,4
388703,388698,5,0,5,0,1,1
388928,388888,40,26,14,0,4,8
387675,387670,5,0,5,0,2,3
392168,392166,2,0,2,0,1,1
392288,392249,39,0,39,0,1,1
391904,391904,0,0,0,0,0,0
386689,386653,36,0,36,0,5,8
388076,388060,16,0,16,0,3,4
386906,386893,13,0,13,0,5,6
394267,394248,19,19,0,0,0,1
396969,396969,0,0,0,0,0,0
403789,403777,12,0,12,0,5,5
399853,399807,46,0,46,0,5,7
401420,401350,70,0,70,0,5,10
404911,404911,0,0,0,0,0,0
404916,404909,7,0,7,0,1,1
403809,403809,0,0,0,0,0,0
409084,408978,106,0,106,0,3,6
410828,410828,0,0,0,0,0,0
411037,411037,0,0,0,0,0,0
408339,408339,0,0,0,0,0,0
413341,413319,22,0,22,0,3,3
414351,414307,44,0,44,0,10,16
414352,414350,2,0,2,0,1,1
414353,414348,5,0,5,0,3,3
416106,416089,17,0,17,0,3,3
417429,417403,26,0,26,0,6,9
422243,422171,72,0,72,0,8,17
422867,422859,8,0,8,0,3,4
424076,424064,12,10,2,0,1,2
424395,424393,2,0,2,0,1,1
425254,425231,23,0,23,0,2,4
425715,425649,66,0,66,0,8,11
425259,425256,3,0,3,0,1,1
427938,427938,0,0,0,0,0,0
423734,423724,10,0,10,0,1,1
427272,427271,1,0,1,0,1,1
434229,434180,49,0,49,0,3,6
432390,432358,32,0,32,0,1,4
428885,428863,22,0,22,0,2,5
427742,427740,2,0,2,0,1,1
426334,426333,1,0,1,0,1,1
422213,422202,11,0,11,0,2,2
427361,427201,160,0,160,0,12,20
426780,426744,36,0,36,0,2,4
428035,428030,5,0,5,0,1,1
421669,421669,0,0,0,0,0,0
416447,416439,8,0,8,0,1,1
415701,415701,0,0,0,0,0,0
414452,414446,6,0,6,0,1,1
419836,419817,19,17,2,0,1,3
421405,421374,31,13,18,0,4,7
415326,415319,7,0,7,0,2,3
415112,414867,245,0,245,0,13,24
410375,410017,358,0,358,0,11,20
413719,413719,0,0,0,0,0,0
418229,418229,0,0,0,0,0,0
411884,411876,8,6,2,0,2,3
413676,413676,0,0,0,0,0,0
413621,413552,69,0,69,0,3,6
407368,407367,1,0,1,0,1,1
415865,415770,95,0,95,0,7,16
419113,419111,2,0,2,0,2,2
420952,420952,0,0,0,0,0,0
420231,420230,1,0,1,0,1,1
421791,421758,33,29,4,0,1,4
420875,420856,19,0,19,0,4,5
426187,426186,1,0,1,0,1,1
423230,423228,2,0,2,0,1,1
427867,427865,2,0,2,0,2,2
427171,427171,0,0,0,0,0,0
427710,427710,0,0,0,0,0,0
422533,422531,2,0,2,0,2,2
423040,423040,0,0,0,0,0,0
423528,423528,0,0,0,0,0,0
427353,427351,2,0,2,0,1,1
431899,431896,3,3,0,0,0,1
432561,432561,0,0,0,0,0,0
435739,435719,20,0,20,0,4,4
442280,442266,14,0,14,0,2,2
441304,441304,0,0,0,0,0,0
442525,442525,0,0,0,0,0,0
439900,439900,0,0,0,0,0,0
442821,442821,0,0,0,0,0,0
444148,444148,0,0,0,0,0,0
445090,445076,14,0,14,0,4,6
442251,442249,2,0,2,0,2,2
437466,437455,11,0,11,0,3,3
438174,438156,18,0,18,0,5,8
438683,438681,2,0,2,0,1,1
438124,438106,18,0,18,0,5,5
380410,380398,12,0,12,0,1,1
434405,434396,9,0,9,0,2,3
438644,438640,4,0,4,0,2,2
446186,446173,13,0,13,0,6,7
442970,442955,15,0,15,0,2,2
437264,427702,9562,0,9562,0,10,19
436082,436082,0,0,0,0,0,0
434748,434739,9,3,5,1,3,5
431632,431534,98,0,98,0,4,6
432975,432971,4,0,4,0,1,1
432775,432765,10,0,10,0,2,3
435727,435711,16,0,16,0,4,5
433405,433405,0,0,0,0,0,0
429492,429486,6,0,6,0,2,2
433275,433275,0,0,0,0,0,0
433395,433387,8,0,8,0,2,2
436818,436815,3,0,3,0,2,2
433523,433514,9,0,9,0,3,4
439004,439004,0,0,0,0,0,0
443576,443569,7,0,7,0,2,3
441069,440977,92,0,92,0,8,14
436775,436772,3,0,3,0,1,1
442271,442170,101,0,101,0,8,16
438500,429929,8571,0,8571,0,15,39
447447,447443,4,0,4,0,2,3
441882,441810,72,0,72,0,7,11
442446,442184,262,0,262,0,5,6
428673,396018,32655,0,32655,0,12,29
453021,452965,56,36,20,0,4,6
450836,450834,2,0,2,0,1,1
456654,456652,2,0,2,0,1,1
465442,465422,20,0,20,0,4,6
465660,465657,3,0,3,0,2,2
467288,467037,251,0,251,0,11,19
469494,469470,24,0,24,0,2,3
472108,472096,12,0,12,0,3,4
472285,472281,4,0,4,0,2,2
474058,474036,22,13,9,0,2,5
473697,473690,7,7,0,0,0,1
469738,469726,12,0,12,0,2,2
469070,469027,43,0,43,0,4,10
471284,471194,90,0,90,0,4,6
476553,476425,128,7,121,0,7,16
481561,481529,32,0,32,0,7,7
480407,480377,30,0,30,0,5,6
479943,479595,348,0,348,0,14,20
477679,477675,4,0,4,0,2,2
481166,481164,2,0,2,0,2,2
477178,477156,22,0,22,0,5,6
482039,482039,0,0,0,0,0,0
483121,483097,24,0,24,0,5,7
480810,480782,28,22,6,0,3,4
478240,478240,0,0,0,0,0,0
473228,473222,6,0,6,0,3,3
475378,475378,0,0,0,0,0,0
471723,471521,202,0,202,0,10,20
473125,473072,53,9,44,0,9,12
472274,472121,153,35,118,0,10,21
465817,465797,20,0,20,0,6,8
464763,464761,2,0,2,0,1,1
467755,467595,160,12,146,2,10,13
457506,457494,12,0,12,0,1,2
451170,451168,2,0,2,0,2,2
449782,449779,3,2,1,0,1,2
445006,444981,25,16,9,0,5,7
445681,445681,0,0,0,0,0,0
446059,446057,2,0,2,0,1,1
443174,443139,35,0,35,0,1,3
437495,437491,4,2,2,0,1,2
435155,435146,9,0,9,0,2,3
438155,438153,2,0,2,0,1,1
437448,437448,0,0,0,0,0,0
435405,435392,13,0,13,0,1,3
434030,434030,0,0,0,0,0,0
436744,436744,0,0,0,0,0,0
439580,439569,11,6,5,0,2,3
441328,441328,0,0,0,0,0,0
438887,438871,16,15,1,0,1,3
438471,438444,27,0,27,0,2,3
436826,436822,4,0,4,0,2,2
432960,432945,15,9,6,0,3,5
431232,431231,1,0,1,0,1,1
428631,428631,0,0,0,0,0,0
435704,435700,4,0,4,0,2,2
432662,432656,6,0,6,0,2,2
434732,434707,25,0,25,0,4,6
426764,426764,0,0,0,0,0,0
424386,424359,27,9,18,0,2,5
423539,423528,11,0,11,0,4,4
423051,423051,0,0,0,0,0,0
421758,421728,30,0,30,0,4,6
425779,425776,3,0,3,0,1,1
428591,428589,2,0,2,0,1,1
418365,418365,0,0,0,0,0,0
416711,416693,18,0,18,0,3,3
421810,421807,3,1,2,0,2,3
420146,420121,25,23,2,0,1,3
419585,419569,16,0,16,0,1,1
423275,423275,0,0,0,0,0,0
422970,422966,4,0,4,0,1,1
422002,422002,0,0,0,0,0,0
417672,417668,4,0,4,0,1,1
417507,417507,0,0,0,0,0,0
423776,423770,6,0,6,0,1,1
423823,423821,2,0,2,0,2,2
430986,430916,70,0,70,0,9,11
422190,422188,2,0,2,0,1,1
423014,422825,189,0,189,0,14,25
415535,415469,66,0,66,0,11,17
423529,423528,1,1,0,0,0,1
421721,421639,82,0,82,0,4,5
423536,423536,0,0,0,0,0,0
423914,423900,14,0,14,0,2,3
425311,425311,0,0,0,0,0,0
426678,426675,3,0,3,0,2,2
427139,427132,7,0,7,0,1,1
422446,422444,2,0,2,0,1,2
421829,421829,0,0,0,0,0,0
421354,421335,19,0,19,0,3,7
414090,414068,22,0,22,0,3,4
411004,411002,2,0,2,0,1,1
406738,406733,5,0,5,0,2,2
410735,410728,7,0,7,0,3,3
411159,411159,0,0,0,0,0,0
412840,412838,2,2,0,0,0,1
413077,413075,2,0,2,0,1,1
410085,410068,17,14,3,0,2,3
407467,407447,20,14,6,0,2,5
409228,409182,46,0,46,0,5,9
408979,408974,5,0,5,0,1,3
410624,410616,8,1,7,0,2,3
405695,404721,974,0,974,0,4,7
402867,402853,14,0,14,0,4,4
402663,402663,0,0,0,0,0,0
399774,399774,0,0,0,0,0,0
400746,400744,2,0,2,0,2,2
403069,403062,7,5,2,0,1,4
407315,407313,2,0,2,0,2,2
406992,406988,4,0,4,0,2,2
409089,409089,0,0,0,0,0,0
396115,396103,12,0,12,0,1,1
399008,399002,6,5,1,0,1,2
386529,386526,3,0,3,0,2,3
394635,394631,4,0,4,0,1,2
392987,392852,135,0,135,0,8,16
392595,392388,207,21,186,0,13,22
388867,388861,6,0,6,0,2,3
390249,390174,75,0,75,0,6,13
386343,386343,0,0,0,0,0,0
384487,384457,30,0,30,0,2,5
380044,379959,85,0,85,0,7,11
379493,379480,13,0,13,0,1,1
377055,377055,0,0,0,0,0,0
375992,375942,50,0,50,0,5,7
381220,381208,12,0,12,0,4,5
379921,379921,0,0,0,0,0,0
383613,383594,19,0,19,0,3,7
382404,382398,6,0,6,0,2,2
383030,383024,6,0,6,0,2,3
377399,377398,1,0,1,0,1,1
377603,377603,0,0,0,0,0,0
378475,378475,0,0,0,0,0,0
378006,377963,43,0,43,0,3,5
386258,386258,0,0,0,0,0,0
391661,391618,43,0,43,0,2,3
387754,387754,0,0,0,0,0,0
385675,385628,47,0,47,0,5,7
387216,387142,74,0,74,0,7,13
387147,387010,137,0,137,0,4,8
387957,386929,1028,0,1026,2,7,14
392794,391813,981,31,950,0,6,13
393013,392241,772,15,757,0,6,14
393269,393164,105,0,105,0,5,8
396132,395989,143,0,143,0,10,22
393635,393617,18,0,18,0,1,2
391678,391678,0,0,0,0,0,0
391629,391602,27,0,27,0,5,6
393453,393379,74,0,74,0,1,1
391546,391542,4,0,4,0,4,4
389915,389915,0,0,0,0,0,0
387021,386991,30,0,30,0,5,6
385416,385415,1,0,1,0,1,1
377640,377640,0,0,0,0,0,0
382613,382613,0,0,0,0,0,0
379875,379873,2,0,2,0,1,1
379732,379730,2,0,2,0,2,2
375918,375913,5,0,5,0,3,3
375380,375372,8,8,0,0,0,2
369439,369438,1,0,1,0,1,1
373717,373713,4,4,0,0,0,1
375838,375837,1,0,1,0,1,1
370839,370838,1,0,1,0,1,1
366013,365999,14,0,14,0,3,4
362479,362449,30,0,30,0,4,8
367612,367612,0,0,0,0,0,0
371516,371431,85,0,85,0,10,14
380426,380131,295,15,280,0,9,19
382959,382959,0,0,0,0,0,0
376594,355948,20646,0,20646,0,17,48
376223,375770,453,0,453,0,10,24
370145,370135,10,0,10,0,3,5
371248,371133,115,0,115,0,4,6
364534,364531,3,0,3,0,2,2
374616,374616,0,0,0,0,0,0
371117,371011,106,0,106,0,10,15
371056,370853,203,0,203,0,16,31
377289,377116,173,0,173,0,6,18
376992,376738,254,0,254,0,13,25
382879,382495,384,0,384,0,14,30
383269,383233,36,0,36,0,8,9
383925,383819,106,0,106,0,7,10
382459,382317,142,0,142,0,14,23
379479,379267,212,0,212,0,10,26
374259,373855,404,0,404,0,13,19
382470,382418,52,0,52,0,4,11
383460,383327,133,12,121,0,11,19
384973,384962,11,0,11,0,2,2
389768,389731,37,0,37,0,9,13
391570,391541,29,0,29,0,1,3
391738,391738,0,0,0,0,0,0
390302,390269,33,0,33,0,10,12
392750,392721,29,0,29,0,6,7
396662,396610,52,0,52,0,7,9
401457,401434,23,0,23,0,6,8
402442,402384,58,0,58,0,8,12
402550,402391,159,0,159,0,8,10
405860,405860,0,0,0,0,0,0
404085,403870,215,30,185,0,6,13
406215,406026,189,0,189,0,7,10
408460,408395,65,0,65,0,7,14
411249,411249,0,0,0,0,0,0
415939,415939,0,0,0,0,0,0
417013,417005,8,0,8,0,2,3
417774,417767,7,7,0,0,0,1
412516,412516,0,0,0,0,0,0
413385,413385,0,0,0,0,0,0
415348,415339,9,0,9,0,2,3
420658,420658,0,0,0,0,0,0
421879,421879,0,0,0,0,0,0
420086,420086,0,0,0,0,0,0
423886,423886,0,0,0,0,0,0
427785,427785,0,0,0,0,0,0
425556,425534,22,0,22,0,1,2
415737,415737,0,0,0,0,0,0
416462,416462,0,0,0,0,0,0
414459,414444,15,0,15,0,3,3
414266,414266,0,0,0,0,0,0
413074,413074,0,0,0,0,0,0
413829,413829,0,0,0,0,0,0
411775,411689,86,0,86,0,4,5
410689,410480,209,0,209,0,2,2
408428,408428,0,0,0,0,0,0
410580,410568,12,0,12,0,1,2
408231,408219,12,12,0,0,0,1
406692,406617,75,0,75,0,6,10
404211,404210,1,0,1,0,1,1
405111,404954,157,0,157,0,11,22
404122,404121,1,0,1,0,1,1
401868,401833,35,0,35,0,8,12
397761,397761,0,0,0,0,0,0
397759,397696,63,13,50,0,4,9
394880,394879,1,0,1,0,1,1
400270,400244,26,10,16,0,4,7
399506,399504,2,0,2,0,1,1
403683,403676,7,7,0,0,0,2
401090,401056,34,0,34,0,4,4
388699,388643,56,0,56,0,4,7
395725,395723,2,0,2,0,2,2
394237,394237,0,0,0,0,0,0
394241,394234,7,0,7,0,4,4
390303,390300,3,0,3,0,2,2
397293,397285,8,0,8,0,1,1
397718,397709,9,8,1,0,1,3
396438,396433,5,1,4,0,1,2
396559,396559,0,0,0,0,0,0
391906,391903,3,0,3,0,1,1
393822,393812,10,0,10,0,1,1
397704,397690,14,0,14,0,2,3
395111,395106,5,0,5,0,3,3
394018,393920,98,0,98,0,8,9
400513,400468,45,0,45,0,10,13
399027,399027,0,0,0,0,0,0
396882,396134,748,0,748,0,14,29
395549,395533,16,0,16,0,3,3
391715,391422,293,7,286,0,12,25
395017,395011,6,0,6,0,3,3
396400,396258,142,0,142,0,6,8
394868,394700,168,0,168,0,10,16
398097,398084,13,0,13,0,6,6
398314,398304,10,0,10,0,2,2
395431,395420,11,0,11,0,4,6
394749,394748,1,0,1,0,1,1
394990,394962,28,0,28,0,2,3
390263,390078,185,0,185,0,12,20
394089,394072,17,0,17,0,5,5
395225,395194,31,0,28,3,5,9
393112,393031,81,0,81,0,5,9
392656,392609,47,3,44,0,5,7
392171,392152,19,0,19,0,4,5
395276,395274,2,0,2,0,1,1
391911,391889,22,0,22,0,2,6
386492,386492,0,0,0,0,0,0
386848,386840,8,8,0,0,0,1
386298,386283,15,15,0,0,0,2
389572,389524,48,34,14,0,1,4
385191,385191,0,0,0,0,0,0
384456,384444,12,2,10,0,3,5
384461,384461,0,0,0,0,0,0
380380,380308,72,0,72,0,5,5
369148,369141,7,0,7,0,1,1
386657,386655,2,0,2,0,2,2
382787,382787,0,0,0,0,0,0
385371,385362,9,0,9,0,3,3
383461,383460,1,1,0,0,0,1
379850,379850,0,0,0,0,0,0
379059,379057,2,0,2,0,1,2
380680,380678,2,0,2,0,1,1
384380,384380,0,0,0,0,0,0
386312,386280,32,0,32,0,3,4
390582,390582,0,0,0,0,0,0
391124,391124,0,0,0,0,0,0
397060,397060,0,0,0,0,0,0
397140,397136,4,0,4,0,3,3
392603,392582,21,0,21,0,5,6
388510,388493,17,17,0,0,0,3
392713,392696,17,0,17,0,5,7
390456,390337,119,0,119,0,8,14
390791,390776,15,0,15,0,6,6
388685,388531,154,0,154,0,6,12
391499,391460,39,7,32,0,6,8
397894,397698,196,0,196,0,11,24
402115,401940,175,0,175,0,14,20
404427,404182,245,0,245,0,13,27
409788,409720,68,0,68,0,13,19
413326,413279,47,0,47,0,9,14
413782,413770,12,0,12,0,3,3
409359,409224,135,0,135,0,9,14
414521,414480,41,0,41,0,4,8
417875,417779,96,0,96,0,12,16
411868,411867,1,0,1,0,1,1
413174,413153,21,0,21,0,3,4
414205,414205,0,0,0,0,0,0
410715,410712,3,0,3,0,1,1
404155,404153,2,0,2,0,1,1
408321,408321,0,0,0,0,0,0
415366,415366,0,0,0,0,0,0
416821,416821,0,0,0,0,0,0
411459,411459,0,0,0,0,0,0
409644,409644,0,0,0,0,0,0
408028,408028,0,0,0,0,0,0
408049,408049,0,0,0,0,0,0
411200,411200,0,0,0,0,0,0
413947,413943,4,0,4,0,2,2
408796,408783,13,0,13,0,2,3
404603,404590,13,0,13,0,4,6
402639,402513,126,0,126,0,13,21
402959,402905,54,0,54,0,6,9
402135,402119,16,0,16,0,4,4
403644,403615,29,0,29,0,3,5
403250,403244,6,0,6,0,1,1
407068,407068,0,0,0,0,0,0
406965,406965,0,0,0,0,0,0
404504,404503,1,0,1,0,1,1
404896,404891,5,0,5,0,1,1
404574,404571,3,2,1,0,1,2
405192,405192,0,0,0,0,0,0
406379,406375,4,0,4,0,1,1
406213,406213,0,0,0,0,0,0
398337,398329,8,8,0,0,0,2
396695,396680,15,0,15,0,2,4
388500,388500,0,0,0,0,0,0
387496,387494,2,0,2,0,1,1
385564,385538,26,0,26,0,6,8
380829,380825,4,0,4,0,2,2
371506,371441,65,0,65,0,3,7
363720,363707,13,0,13,0,4,7
371484,371477,7,0,7,0,1,2
375000,374985,15,0,15,0,3,6
373180,373169,11,0,11,0,3,5
370321,370304,17,17,0,0,0,1
369278,369269,9,0,9,0,2,2
364517,364511,6,6,0,0,0,1
356926,356923,3,0,3,0,1,1
360435,360435,0,0,0,0,0,0
357122,357122,0,0,0,0,0,0
362433,362428,5,2,3,0,3,4
364039,364039,0,0,0,0,0,0
361463,361463,0,0,0,0,0,0
355319,355319,0,0,0,0,0,0
350839,350838,1,0,1,0,1,1
355684,355661,23,0,23,0,1,1
357700,357697,3,0,3,0,1,1
352417,352414,3,0,3,0,2,2
348496,348494,2,0,2,0,1,2
348499,348496,3,0,3,0,2,2
348438,348438,0,0,0,0,0,0
345694,345694,0,0,0,0,0,0
344363,344363,0,0,0,0,0,0
342402,342398,4,0,4,0,1,1
346829,346787,42,16,26,0,6,10
345663,345639,24,0,24,0,4,8
348425,348422,3,0,3,0,1,1
349553,349275,278,4,274,0,10,19
346888,346860,28,15,13,0,3,7
343606,343375,231,0,231,0,11,20
343968,343957,11,0,11,0,3,3
348779,348456,323,0,323,0,13,23
351320,351320,0,0,0,0,0,0
355777,355777,0,0,0,0,0,0
363389,362872,517,0,517,0,15,23
368381,368363,18,0,18,0,4,5
375316,375264,52,0,52,0,4,6
376531,376482,49,28,21,0,4,6
386364,386354,10,0,10,0,5,5
389900,389782,118,0,118,0,9,16
388422,388419,3,0,3,0,1,1
399015,399015,0,0,0,0,0,0
403916,403856,60,0,60,0,4,5
408806,408790,16,0,16,0,4,5
417921,417921,0,0,0,0,0,0
412734,412724,10,0,10,0,4,5
405640,405621,19,19,0,0,0,3
419769,419766,3,0,3,0,1,1
422530,422530,0,0,0,0,0,0
430306,430297,9,0,9,0,3,5
433207,433088,119,0,119,0,14,22
437873,437791,82,0,82,0,5,11
441198,441172,26,1,25,0,1,3
450216,450149,67,0,67,0,3,4
461664,461634,30,0,30,0,8,11
467864,467843,21,0,21,0,7,9
470914,470890,24,0,24,0,6,9
479873,479516,357,0,357,0,14,34
483257,483252,5,5,0,0,0,1
495466,495382,84,0,84,0,10,18
499007,498991,16,0,16,0,2,3
515708,515699,9,4,5,0,1,3
518740,518662,78,0,78,0,1,3
523848,523847,1,0,1,0,1,1
525395,525384,11,0,11,0,2,2
535150,535150,0,0,0,0,0,0
537289,537289,0,0,0,0,0,0
547231,547231,0,0,0,0,0,0
546308,546308,0,0,0,0,0,0
550640,550629,11,0,11,0,3,3
550328,550207,121,0,121,0,8,19
548101,548074,27,0,27,0,4,7
548835,548835,0,0,0,0,0,0
546170,546158,12,0,12,0,2,2
544583,544583,0,0,0,0,0,0
530848,530842,6,6,0,0,0,1
525916,525913,3,0,3,0,1,2
519479,519479,0,0,0,0,0,0
509284,509263,21,21,0,0,0,1
502377,502366,11,11,0,0,0,2
489611,489566,45,0,45,0,6,6
471662,463407,8255,0,8255,0,13,30
479666,479664,2,0,2,0,2,2
475889,472870,3019,0,3019,0,12,28
1062351,1035980,26371,0,26371,0,13,28
1097893,1097638,255,0,255,0,5,10
1096694,1094434,2260,0,2260,0,14,28
1098508,1098318,190,0,190,0,10,13
1084889,1084631,258,0,258,0,8,17
1077002,1076989,13,0,13,0,4,4
1046555,1046555,0,0,0,0,0,0
1042554,1042411,143,0,143,0,9,11
1030036,1029977,59,0,59,0,4,6
1008537,1005179,3358,17,3341,0,11,21
971528,945528,26000,0,25999,1,20,39
978902,978862,40,0,40,0,2,4
961056,961042,14,0,14,0,3,3
939112,938269,843,0,843,0,15,27
916960,914798,2162,0,2162,0,10,23
901453,901420,33,25,8,0,3,4
889026,888596,430,0,430,0,12,22
877678,877582,96,38,58,0,5,11
862921,862915,6,0,6,0,2,3
843672,843435,237,0,237,0,16,27
827924,827553,371,0,371,0,14,31
807521,807020,501,0,501,0,10,13
800789,800472,317,0,317,0,14,21
781027,780946,81,0,81,0,6,10
772274,772207,67,0,67,0,6,11
