coverage,wt.counts,mut.count,s.count,ns.count,stp.count,aa.sampled,codons.sampled
1322814,1322810,4,0,4,0,2,3
1299706,1299705,1,0,1,0,1,1
1288509,1288506,3,0,3,0,2,2
1271010,1271008,2,0,2,0,1,2
1279135,1279132,3,0,3,0,2,2
1253503,1253497,6,0,6,0,3,4
1286230,1286228,2,0,2,0,1,2
1248229,1248219,10,0,10,0,2,2
1251271,1251263,8,0,8,0,5,7
1298687,1298686,1,0,1,0,1,1
1283401,1283399,2,0,2,0,2,2
1301127,1301125,2,0,2,0,2,2
1295154,1295152,2,0,2,0,2,2
1309401,1309400,1,0,1,0,1,1
1296284,1296277,7,0,7,0,5,5
1296950,1296949,1,0,1,0,1,1
1300321,1300318,3,0,3,0,3,3
843162,843161,1,0,0,1,1,1
855886,855886,0,0,0,0,0,0
870534,870534,0,0,0,0,0,0
889554,889553,1,0,1,0,1,1
899814,899814,0,0,0,0,0,0
918848,918846,2,0,1,1,2,2
933178,933178,0,0,0,0,0,0
942466,942466,0,0,0,0,0,0
954711,954709,2,0,2,0,2,2
978930,978928,2,0,2,0,2,2
917100,917100,0,0,0,0,0,0
921217,921217,0,0,0,0,0,0
913874,913874,0,0,0,0,0,0
906857,906854,3,0,3,0,2,2
900588,900587,1,0,1,0,1,1
883846,883846,0,0,0,0,0,0
872581,872579,2,0,2,0,1,1
882461,882461,0,0,0,0,0,0
891250,891247,3,0,3,0,3,3
899982,899979,3,0,3,0,1,1
889693,889693,0,0,0,0,0,0
897105,897105,0,0,0,0,0,0
901321,901321,0,0,0,0,0,0
891886,891885,1,0,1,0,1,1
891175,891175,0,0,0,0,0,0
892282,892282,0,0,0,0,0,0
874452,874452,0,0,0,0,0,0
868505,868501,4,0,4,0,3,3
865019,865019,0,0,0,0,0,0
867678,867678,0,0,0,0,0,0
846462,846462,0,0,0,0,0,0
847106,847105,1,0,1,0,1,1
842176,842173,3,0,3,0,1,1
837874,837873,1,0,0,1,1,1
820696,820695,1,0,1,0,1,1
822722,822649,73,0,73,0,2,2
806416,806416,0,0,0,0,0,0
795272,795270,2,0,2,0,2,2
786608,786608,0,0,0,0,0,0
777568,777564,4,0,4,0,2,2
771133,771132,1,0,1,0,1,1
759961,759961,0,0,0,0,0,0
744385,744381,4,0,4,0,3,3
746561,746560,1,0,1,0,1,1
731672,731672,0,0,0,0,0,0
721945,721945,0,0,0,0,0,0
711512,711512,0,0,0,0,0,0
708383,708383,0,0,0,0,0,0
692691,692690,1,0,1,0,1,1
689268,689268,0,0,0,0,0,0
691097,691097,0,0,0,0,0,0
691135,691135,0,0,0,0,0,0
685266,685266,0,0,0,0,0,0
690336,690334,2,0,2,0,2,2
692904,692904,0,0,0,0,0,0
689506,689506,0,0,0,0,0,0
676638,676638,0,0,0,0,0,0
673194,673188,6,0,6,0,1,1
669482,669482,0,0,0,0,0,0
669395,669395,0,0,0,0,0,0
665299,665299,0,0,0,0,0,0
654183,654183,0,0,0,0,0,0
647744,647744,0,0,0,0,0,0
641740,641739,1,0,1,0,1,1
636174,636174,0,0,0,0,0,0
638660,638660,0,0,0,0,0,0
641343,641343,0,0,0,0,0,0
643294,643294,0,0,0,0,0,0
645287,645287,0,0,0,0,0,0
648773,648773,0,0,0,0,0,0
650252,650252,0,0,0,0,0,0
649038,649038,0,0,0,0,0,0
647544,647543,1,0,0,1,1,1
645952,645952,0,0,0,0,0,0
651769,651769,0,0,0,0,0,0
654607,654607,0,0,0,0,0,0
657944,657944,0,0,0,0,0,0
659845,659845,0,0,0,0,0,0
662425,662424,1,0,1,0,1,1
665008,665007,1,0,1,0,1,1
671817,671817,0,0,0,0,0,0
670305,670305,0,0,0,0,0,0
661784,661784,0,0,0,0,0,0
661934,661934,0,0,0,0,0,0
659159,659159,0,0,0,0,0,0
655237,655236,1,0,1,0,1,1
650799,650799,0,0,0,0,0,0
646000,646000,0,0,0,0,0,0
642989,642986,3,0,3,0,3,3
652281,652281,0,0,0,0,0,0
649127,649126,1,0,1,0,1,1
645740,645738,2,0,1,1,2,2
649282,649282,0,0,0,0,0,0
651518,651518,0,0,0,0,0,0
644973,644973,0,0,0,0,0,0
636078,636078,0,0,0,0,0,0
649667,649667,0,0,0,0,0,0
654569,654568,1,0,1,0,1,1
646787,646785,2,0,2,0,2,2
652179,652179,0,0,0,0,0,0
655935,655935,0,0,0,0,0,0
662524,662523,1,0,1,0,1,1
671217,671217,0,0,0,0,0,0
683648,683648,0,0,0,0,0,0
684300,684299,1,0,1,0,1,1
682056,682054,2,0,2,0,1,1
690627,690623,4,0,4,0,2,2
687777,687777,0,0,0,0,0,0
687487,687487,0,0,0,0,0,0
690460,690460,0,0,0,0,0,0
698249,698247,2,0,2,0,1,1
696383,696382,1,0,1,0,1,1
693355,693354,1,0,1,0,1,1
688959,688959,0,0,0,0,0,0
688781,688780,1,0,0,1,1,1
681949,681949,0,0,0,0,0,0
679411,679411,0,0,0,0,0,0
672223,672223,0,0,0,0,0,0
673241,673240,1,0,1,0,1,1
673644,673644,0,0,0,0,0,0
674390,674390,0,0,0,0,0,0
675597,675597,0,0,0,0,0,0
677744,677744,0,0,0,0,0,0
678613,678613,0,0,0,0,0,0
680368,680368,0,0,0,0,0,0
679628,679628,0,0,0,0,0,0
690974,690974,0,0,0,0,0,0
696475,696474,1,0,1,0,1,1
690659,690655,4,0,4,0,2,2
688232,688231,1,0,0,1,1,1
689093,689093,0,0,0,0,0,0
680534,680533,1,0,0,1,1,1
676517,676517,0,0,0,0,0,0
673104,673103,1,0,1,0,1,1
672226,672226,0,0,0,0,0,0
660562,660562,0,0,0,0,0,0
657539,657539,0,0,0,0,0,0
665368,665368,0,0,0,0,0,0
658535,658535,0,0,0,0,0,0
650958,650958,0,0,0,0,0,0
641557,641557,0,0,0,0,0,0
636865,636865,0,0,0,0,0,0
631833,631833,0,0,0,0,0,0
637105,637105,0,0,0,0,0,0
639944,639944,0,0,0,0,0,0
633456,633455,1,0,1,0,1,1
628825,628825,0,0,0,0,0,0
627984,627983,1,0,1,0,1,1
635948,635915,33,0,33,0,2,3
636772,636771,1,0,1,0,1,1
623303,623303,0,0,0,0,0,0
625953,625953,0,0,0,0,0,0
619361,619360,1,0,1,0,1,1
619402,619401,1,0,1,0,1,1
616498,616498,0,0,0,0,0,0
613599,613599,0,0,0,0,0,0
612603,612603,0,0,0,0,0,0
621651,621651,0,0,0,0,0,0
627273,627272,1,0,1,0,1,1
622411,622411,0,0,0,0,0,0
626156,626156,0,0,0,0,0,0
627142,627142,0,0,0,0,0,0
628949,628948,1,0,1,0,1,1
625301,625301,0,0,0,0,0,0
622009,622009,0,0,0,0,0,0
616845,616845,0,0,0,0,0,0
615325,615325,0,0,0,0,0,0
616917,616915,2,0,2,0,2,2
620434,620434,0,0,0,0,0,0
622475,622474,1,0,1,0,1,1
621391,621391,0,0,0,0,0,0
613579,613579,0,0,0,0,0,0
613625,613625,0,0,0,0,0,0
625014,625013,1,1,0,0,0,1
624211,624211,0,0,0,0,0,0
617600,617600,0,0,0,0,0,0
607376,607376,0,0,0,0,0,0
613209,613209,0,0,0,0,0,0
617681,617681,0,0,0,0,0,0
611886,611886,0,0,0,0,0,0
604800,604800,0,0,0,0,0,0
603714,603713,1,0,1,0,1,1
603581,603581,0,0,0,0,0,0
601650,601650,0,0,0,0,0,0
605291,605291,0,0,0,0,0,0
609779,609779,0,0,0,0,0,0
605190,605190,0,0,0,0,0,0
599395,599395,0,0,0,0,0,0
600878,600878,0,0,0,0,0,0
613131,613131,0,0,0,0,0,0
605804,605804,0,0,0,0,0,0
616426,616425,1,0,1,0,1,1
617868,617868,0,0,0,0,0,0
620915,620914,1,0,0,1,1,1
625684,625684,0,0,0,0,0,0
620396,620396,0,0,0,0,0,0
615561,615561,0,0,0,0,0,0
613132,613132,0,0,0,0,0,0
610005,610005,0,0,0,0,0,0
607434,607434,0,0,0,0,0,0
598528,598528,0,0,0,0,0,0
605656,605656,0,0,0,0,0,0
607385,607385,0,0,0,0,0,0
602052,602052,0,0,0,0,0,0
596473,596473,0,0,0,0,0,0
593178,593177,1,0,1,0,1,1
600686,600686,0,0,0,0,0,0
604626,604626,0,0,0,0,0,0
601215,601215,0,0,0,0,0,0
594602,594600,2,0,2,0,1,1
595513,595512,1,0,1,0,1,1
596756,596756,0,0,0,0,0,0
601093,601093,0,0,0,0,0,0
603618,603618,0,0,0,0,0,0
604228,604227,1,0,1,0,1,1
610684,610683,1,0,0,1,1,1
605898,605898,0,0,0,0,0,0
599217,599216,1,0,1,0,1,1
604300,604300,0,0,0,0,0,0
607326,607326,0,0,0,0,0,0
606839,606839,0,0,0,0,0,0
599285,599285,0,0,0,0,0,0
595652,595652,0,0,0,0,0,0
599424,599423,1,0,1,0,1,1
596978,596978,0,0,0,0,0,0
594264,594264,0,0,0,0,0,0
591704,591704,0,0,0,0,0,0
593755,593754,1,0,1,0,1,1
587661,587661,0,0,0,0,0,0
587641,587639,2,0,2,0,2,2
575673,575673,0,0,0,0,0,0
571203,571203,0,0,0,0,0,0
570496,570496,0,0,0,0,0,0
567999,567999,0,0,0,0,0,0
566803,566803,0,0,0,0,0,0
566059,566059,0,0,0,0,0,0
569249,569249,0,0,0,0,0,0
575294,575292,2,0,2,0,1,1
579911,579911,0,0,0,0,0,0
584484,584484,0,0,0,0,0,0
579417,579416,1,0,1,0,1,1
583165,583164,1,0,1,0,1,1
586203,586203,0,0,0,0,0,0
583261,583260,1,0,1,0,1,1
590888,590888,0,0,0,0,0,0
593730,593730,0,0,0,0,0,0
595461,595461,0,0,0,0,0,0
598309,598309,0,0,0,0,0,0
598407,598407,0,0,0,0,0,0
599981,599981,0,0,0,0,0,0
600033,600033,0,0,0,0,0,0
601525,601524,1,0,1,0,1,1
601091,601091,0,0,0,0,0,0
596217,596217,0,0,0,0,0,0
596627,596627,0,0,0,0,0,0
599784,599784,0,0,0,0,0,0
603260,603260,0,0,0,0,0,0
605615,605615,0,0,0,0,0,0
600225,600225,0,0,0,0,0,0
598798,598798,0,0,0,0,0,0
604351,604351,0,0,0,0,0,0
605035,605035,0,0,0,0,0,0
603476,603474,2,0,2,0,1,1
604057,604056,1,0,1,0,1,1
604174,604174,0,0,0,0,0,0
602543,602543,0,0,0,0,0,0
596493,596493,0,0,0,0,0,0
600651,600651,0,0,0,0,0,0
600467,600467,0,0,0,0,0,0
604566,604566,0,0,0,0,0,0
607554,607554,0,0,0,0,0,0
607893,607893,0,0,0,0,0,0
607485,607485,0,0,0,0,0,0
614748,614747,1,0,1,0,1,1
617755,617755,0,0,0,0,0,0
621198,621198,0,0,0,0,0,0
620880,620880,0,0,0,0,0,0
617454,617454,0,0,0,0,0,0
615280,615280,0,0,0,0,0,0
621740,621740,0,0,0,0,0,0
624237,624237,0,0,0,0,0,0
628502,628502,0,0,0,0,0,0
622671,622671,0,0,0,0,0,0
624397,624397,0,0,0,0,0,0
621559,621559,0,0,0,0,0,0
627135,627135,0,0,0,0,0,0
624808,624808,0,0,0,0,0,0
629904,629904,0,0,0,0,0,0
630689,630688,1,1,0,0,0,1
634116,634115,1,0,1,0,1,1
633020,633020,0,0,0,0,0,0
634845,634844,1,0,1,0,1,1
638517,638517,0,0,0,0,0,0
636641,636641,0,0,0,0,0,0
640260,640260,0,0,0,0,0,0
639156,639156,0,0,0,0,0,0
639222,639216,6,0,6,0,1,1
642509,642509,0,0,0,0,0,0
639991,639991,0,0,0,0,0,0
638166,638166,0,0,0,0,0,0
634101,634101,0,0,0,0,0,0
638699,638699,0,0,0,0,0,0
640285,640285,0,0,0,0,0,0
640745,640745,0,0,0,0,0,0
638956,638955,1,0,1,0,1,1
635489,635489,0,0,0,0,0,0
624802,624792,10,0,10,0,2,2
625697,625697,0,0,0,0,0,0
622579,622579,0,0,0,0,0,0
628196,628196,0,0,0,0,0,0
625475,625475,0,0,0,0,0,0
622222,622222,0,0,0,0,0,0
617595,617594,1,0,1,0,1,1
623118,623116,2,0,2,0,1,1
620493,620493,0,0,0,0,0,0
616931,616931,0,0,0,0,0,0
624794,624794,0,0,0,0,0,0
631661,631660,1,0,1,0,1,1
627097,627097,0,0,0,0,0,0
630595,630595,0,0,0,0,0,0
634363,634362,1,0,1,0,1,1
638410,638410,0,0,0,0,0,0
635509,635509,0,0,0,0,0,0
634384,634382,2,0,2,0,2,2
631886,631886,0,0,0,0,0,0
636481,636481,0,0,0,0,0,0
635397,635397,0,0,0,0,0,0
636494,636494,0,0,0,0,0,0
635880,635880,0,0,0,0,0,0
641276,641276,0,0,0,0,0,0
635807,635807,0,0,0,0,0,0
632733,632732,1,0,1,0,1,1
634196,634196,0,0,0,0,0,0
642339,642339,0,0,0,0,0,0
646892,646892,0,0,0,0,0,0
649910,649910,0,0,0,0,0,0
651963,651963,0,0,0,0,0,0
656770,656770,0,0,0,0,0,0
664445,664445,0,0,0,0,0,0
671285,671285,0,0,0,0,0,0
666845,666843,2,0,2,0,1,1
667885,667885,0,0,0,0,0,0
663632,663631,1,0,1,0,1,1
660148,660148,0,0,0,0,0,0
664564,664564,0,0,0,0,0,0
669123,669123,0,0,0,0,0,0
665749,665748,1,0,1,0,1,1
659498,659498,0,0,0,0,0,0
657410,657410,0,0,0,0,0,0
663190,663190,0,0,0,0,0,0
604038,604034,4,0,4,0,3,3
660040,660039,1,0,1,0,1,1
656814,656814,0,0,0,0,0,0
654315,654315,0,0,0,0,0,0
658285,658282,3,0,3,0,3,3
653277,653277,0,0,0,0,0,0
653449,653449,0,0,0,0,0,0
653657,653656,1,1,0,0,0,1
660571,660571,0,0,0,0,0,0
660289,660289,0,0,0,0,0,0
657407,657407,0,0,0,0,0,0
654652,654652,0,0,0,0,0,0
658927,658927,0,0,0,0,0,0
660188,660187,1,0,1,0,1,1
659317,659317,0,0,0,0,0,0
662466,662466,0,0,0,0,0,0
657850,657850,0,0,0,0,0,0
663289,663289,0,0,0,0,0,0
668341,668341,0,0,0,0,0,0
675146,675146,0,0,0,0,0,0
676972,676972,0,0,0,0,0,0
676876,676876,0,0,0,0,0,0
667250,667250,0,0,0,0,0,0
669027,669026,1,0,1,0,1,1
682469,682469,0,0,0,0,0,0
683279,683279,0,0,0,0,0,0
683386,683386,0,0,0,0,0,0
686927,686927,0,0,0,0,0,0
689894,689894,0,0,0,0,0,0
694861,694861,0,0,0,0,0,0
699736,699736,0,0,0,0,0,0
703992,703992,0,0,0,0,0,0
705989,705989,0,0,0,0,0,0
711642,711642,0,0,0,0,0,0
711672,711672,0,0,0,0,0,0
708859,708859,0,0,0,0,0,0
713956,713956,0,0,0,0,0,0
712889,712889,0,0,0,0,0,0
712471,712471,0,0,0,0,0,0
710467,710467,0,0,0,0,0,0
705538,705538,0,0,0,0,0,0
706163,706163,0,0,0,0,0,0
713998,713997,1,0,1,0,1,1
727602,727602,0,0,0,0,0,0
728032,728032,0,0,0,0,0,0
725871,725871,0,0,0,0,0,0
730555,730555,0,0,0,0,0,0
716411,716411,0,0,0,0,0,0
718238,718237,1,0,0,1,1,1
718024,718024,0,0,0,0,0,0
721224,721222,2,0,2,0,1,1
721087,721086,1,0,1,0,1,1
720064,720064,0,0,0,0,0,0
716319,716319,0,0,0,0,0,0
714026,714024,2,0,2,0,1,1
727525,727525,0,0,0,0,0,0
722963,722963,0,0,0,0,0,0
709889,709889,0,0,0,0,0,0
707627,707627,0,0,0,0,0,0
707499,707499,0,0,0,0,0,0
701524,701524,0,0,0,0,0,0
695791,695790,1,0,1,0,1,1
684500,684499,1,0,1,0,1,1
686235,686235,0,0,0,0,0,0
686996,686996,0,0,0,0,0,0
680545,680544,1,0,1,0,1,1
670785,670785,0,0,0,0,0,0
675397,675397,0,0,0,0,0,0
675190,675190,0,0,0,0,0,0
677697,677697,0,0,0,0,0,0
678935,678935,0,0,0,0,0,0
682502,682502,0,0,0,0,0,0
680073,680073,0,0,0,0,0,0
677344,677344,0,0,0,0,0,0
685585,685585,0,0,0,0,0,0
685596,685596,0,0,0,0,0,0
681696,681694,2,0,2,0,1,1
682773,682773,0,0,0,0,0,0
688729,688729,0,0,0,0,0,0
684838,684838,0,0,0,0,0,0
684644,684644,0,0,0,0,0,0
684984,684984,0,0,0,0,0,0
683989,683989,0,0,0,0,0,0
683972,683972,0,0,0,0,0,0
678619,678619,0,0,0,0,0,0
664066,664066,0,0,0,0,0,0
666912,666912,0,0,0,0,0,0
659941,659941,0,0,0,0,0,0
658490,658489,1,0,1,0,1,1
652205,652205,0,0,0,0,0,0
653275,653275,0,0,0,0,0,0
659032,659032,0,0,0,0,0,0
657347,657345,2,0,2,0,1,1
656748,656748,0,0,0,0,0,0
646396,646396,0,0,0,0,0,0
643818,643818,0,0,0,0,0,0
649330,649330,0,0,0,0,0,0
646053,646053,0,0,0,0,0,0
641070,641070,0,0,0,0,0,0
644155,644155,0,0,0,0,0,0
648053,648051,2,0,2,0,1,1
648886,648885,1,0,1,0,1,1
650345,650344,1,0,1,0,1,1
653122,653122,0,0,0,0,0,0
657853,657851,2,0,2,0,1,1
646923,646923,0,0,0,0,0,0
654647,654646,1,0,1,0,1,1
658573,658573,0,0,0,0,0,0
651555,651555,0,0,0,0,0,0
646629,646629,0,0,0,0,0,0
648431,648431,0,0,0,0,0,0
654730,654730,0,0,0,0,0,0
654402,654402,0,0,0,0,0,0
650041,650041,0,0,0,0,0,0
645238,645238,0,0,0,0,0,0
647071,647071,0,0,0,0,0,0
643064,643064,0,0,0,0,0,0
642383,642383,0,0,0,0,0,0
639073,639073,0,0,0,0,0,0
635367,635367,0,0,0,0,0,0
629754,629752,2,0,2,0,2,2
624640,624639,1,0,1,0,1,1
614633,614633,0,0,0,0,0,0
620253,620252,1,0,1,0,1,1
622045,622045,0,0,0,0,0,0
624584,624584,0,0,0,0,0,0
615721,615720,1,0,1,0,1,1
618030,618028,2,0,2,0,1,1
621161,621161,0,0,0,0,0,0
619453,619453,0,0,0,0,0,0
612777,612777,0,0,0,0,0,0
618938,618938,0,0,0,0,0,0
608933,608933,0,0,0,0,0,0
601338,601337,1,0,1,0,1,1
601687,601687,0,0,0,0,0,0
602037,602037,0,0,0,0,0,0
603680,603680,0,0,0,0,0,0
609704,609704,0,0,0,0,0,0
614464,614463,1,0,1,0,1,1
614160,614159,1,0,1,0,1,1
613393,613392,1,0,1,0,1,1
605821,605820,1,0,1,0,1,1
600230,600230,0,0,0,0,0,0
592437,592437,0,0,0,0,0,0
596634,596634,0,0,0,0,0,0
587203,587203,0,0,0,0,0,0
580052,580052,0,0,0,0,0,0
576968,576968,0,0,0,0,0,0
585221,585221,0,0,0,0,0,0
584264,584264,0,0,0,0,0,0
573198,573197,1,0,1,0,1,1
562878,562878,0,0,0,0,0,0
556669,556669,0,0,0,0,0,0
565208,565208,0,0,0,0,0,0
568015,568015,0,0,0,0,0,0
561841,561840,1,0,1,0,1,1
554074,554073,1,0,1,0,1,1
553563,553563,0,0,0,0,0,0
551413,551413,0,0,0,0,0,0
554223,554223,0,0,0,0,0,0
552527,552527,0,0,0,0,0,0
554564,554564,0,0,0,0,0,0
557939,557939,0,0,0,0,0,0
554089,554088,1,0,1,0,1,1
557299,557299,0,0,0,0,0,0
559602,559601,1,0,1,0,1,1
557874,557872,2,0,2,0,1,1
555285,555283,2,0,1,1,2,2
562886,562886,0,0,0,0,0,0
565672,565672,0,0,0,0,0,0
555481,555481,0,0,0,0,0,0
553034,553033,1,0,1,0,1,1
562225,562225,0,0,0,0,0,0
562903,562902,1,0,1,0,1,1
562159,562159,0,0,0,0,0,0
554714,554713,1,0,1,0,1,1
555509,555509,0,0,0,0,0,0
548406,548406,0,0,0,0,0,0
549997,549996,1,0,1,0,1,1
545741,545741,0,0,0,0,0,0
543915,543914,1,0,1,0,1,1
541842,541842,0,0,0,0,0,0
540243,540243,0,0,0,0,0,0
530547,530547,0,0,0,0,0,0
527121,527121,0,0,0,0,0,0
526670,526670,0,0,0,0,0,0
523739,523739,0,0,0,0,0,0
515249,515247,2,0,2,0,2,2
514199,514199,0,0,0,0,0,0
515448,515448,0,0,0,0,0,0
513121,513121,0,0,0,0,0,0
513827,513827,0,0,0,0,0,0
500501,500501,0,0,0,0,0,0
503975,503975,0,0,0,0,0,0
500883,500883,0,0,0,0,0,0
509134,509134,0,0,0,0,0,0
514789,514789,0,0,0,0,0,0
522598,522598,0,0,0,0,0,0
514465,514464,1,0,1,0,1,1
508573,508573,0,0,0,0,0,0
505751,505751,0,0,0,0,0,0
509958,509958,0,0,0,0,0,0
502083,502083,0,0,0,0,0,0
501948,501948,0,0,0,0,0,0
503970,503969,1,0,1,0,1,1
511220,511220,0,0,0,0,0,0
511798,511798,0,0,0,0,0,0
514421,514421,0,0,0,0,0,0
512500,512499,1,0,1,0,1,1
521078,521077,1,0,1,0,1,1
517339,517339,0,0,0,0,0,0
511080,511078,2,0,2,0,1,1
512998,512998,0,0,0,0,0,0
511964,511964,0,0,0,0,0,0
505666,505665,1,0,1,0,1,1
505376,505376,0,0,0,0,0,0
511834,511834,0,0,0,0,0,0
512836,512836,0,0,0,0,0,0
515282,515282,0,0,0,0,0,0
511116,511115,1,0,1,0,1,1
511498,511497,1,0,1,0,1,1
514004,514004,0,0,0,0,0,0
514776,514776,0,0,0,0,0,0
518739,518718,21,0,21,0,2,2
520125,520125,0,0,0,0,0,0
524687,524687,0,0,0,0,0,0
524956,524956,0,0,0,0,0,0
519590,519590,0,0,0,0,0,0
519098,519097,1,0,1,0,1,1
522708,522708,0,0,0,0,0,0
529684,529680,4,0,4,0,1,1
533436,533434,2,0,1,1,2,2
530510,530510,0,0,0,0,0,0
527552,527552,0,0,0,0,0,0
523588,523588,0,0,0,0,0,0
519151,519151,0,0,0,0,0,0
520915,520915,0,0,0,0,0,0
523658,523658,0,0,0,0,0,0
520527,520527,0,0,0,0,0,0
520433,520433,0,0,0,0,0,0
523166,523165,1,0,1,0,1,1
525213,525212,1,0,1,0,1,1
524165,524165,0,0,0,0,0,0
523330,523330,0,0,0,0,0,0
519043,519043,0,0,0,0,0,0
519764,519764,0,0,0,0,0,0
519174,519174,0,0,0,0,0,0
516654,516654,0,0,0,0,0,0
511226,511226,0,0,0,0,0,0
512053,512052,1,0,1,0,1,1
511537,511537,0,0,0,0,0,0
512910,512907,3,0,1,2,2,2
512519,512519,0,0,0,0,0,0
508407,508407,0,0,0,0,0,0
505721,505721,0,0,0,0,0,0
507096,507096,0,0,0,0,0,0
503354,503354,0,0,0,0,0,0
503192,503192,0,0,0,0,0,0
502128,502128,0,0,0,0,0,0
506035,506035,0,0,0,0,0,0
501779,501779,0,0,0,0,0,0
499811,499811,0,0,0,0,0,0
497702,497702,0,0,0,0,0,0
506867,506866,1,0,1,0,1,1
502182,502182,0,0,0,0,0,0
502594,502594,0,0,0,0,0,0
499995,499995,0,0,0,0,0,0
502680,502680,0,0,0,0,0,0
501254,501253,1,0,1,0,1,1
502873,502873,0,0,0,0,0,0
502206,502206,0,0,0,0,0,0
498246,498245,1,0,1,0,1,1
500632,500632,0,0,0,0,0,0
502815,502815,0,0,0,0,0,0
502296,502296,0,0,0,0,0,0
499897,499896,1,0,1,0,1,1
497091,497091,0,0,0,0,0,0
496319,496319,0,0,0,0,0,0
494750,494750,0,0,0,0,0,0
488956,488955,1,0,1,0,1,1
489522,489522,0,0,0,0,0,0
492681,492681,0,0,0,0,0,0
492483,492483,0,0,0,0,0,0
489218,489218,0,0,0,0,0,0
492282,492281,1,0,1,0,1,1
495079,495079,0,0,0,0,0,0
501016,501014,2,0,2,0,1,1
502182,502182,0,0,0,0,0,0
500423,500423,0,0,0,0,0,0
501858,501858,0,0,0,0,0,0
504435,504435,0,0,0,0,0,0
500252,500252,0,0,0,0,0,0
498533,498533,0,0,0,0,0,0
499913,499912,1,0,1,0,1,1
502543,502543,0,0,0,0,0,0
502402,502343,59,0,20,39,3,4
504260,504260,0,0,0,0,0,0
506763,506763,0,0,0,0,0,0
510004,510004,0,0,0,0,0,0
512306,512304,2,0,2,0,2,2
512937,512937,0,0,0,0,0,0
515972,515972,0,0,0,0,0,0
510658,510658,0,0,0,0,0,0
503041,503041,0,0,0,0,0,0
501774,501772,2,0,2,0,1,1
506317,506317,0,0,0,0,0,0
504474,504474,0,0,0,0,0,0
500761,500761,0,0,0,0,0,0
499957,499957,0,0,0,0,0,0
500233,500233,0,0,0,0,0,0
502717,502716,1,0,1,0,1,1
500421,500421,0,0,0,0,0,0
494224,494224,0,0,0,0,0,0
495023,495023,0,0,0,0,0,0
493549,493549,0,0,0,0,0,0
488902,488902,0,0,0,0,0,0
488748,488747,1,0,1,0,1,1
491208,491208,0,0,0,0,0,0
492537,492537,0,0,0,0,0,0
494116,494116,0,0,0,0,0,0
493403,493403,0,0,0,0,0,0
498333,498333,0,0,0,0,0,0
498632,498632,0,0,0,0,0,0
494036,494036,0,0,0,0,0,0
492797,492797,0,0,0,0,0,0
493107,493107,0,0,0,0,0,0
494972,494972,0,0,0,0,0,0
489203,489203,0,0,0,0,0,0
493892,493891,1,0,1,0,1,1
503371,503371,0,0,0,0,0,0
510454,510454,0,0,0,0,0,0
516840,516840,0,0,0,0,0,0
524813,524813,0,0,0,0,0,0
526540,526540,0,0,0,0,0,0
526138,526138,0,0,0,0,0,0
527370,527369,1,0,1,0,1,1
529255,529255,0,0,0,0,0,0
531011,531010,1,0,1,0,1,1
529130,529130,0,0,0,0,0,0
530171,530171,0,0,0,0,0,0
531476,531476,0,0,0,0,0,0
533361,533361,0,0,0,0,0,0
534880,534879,1,0,1,0,1,1
533825,533825,0,0,0,0,0,0
530856,530856,0,0,0,0,0,0
531367,531367,0,0,0,0,0,0
530437,530436,1,0,1,0,1,1
531073,531072,1,0,1,0,1,1
522339,522339,0,0,0,0,0,0
519701,519701,0,0,0,0,0,0
519716,519715,1,0,1,0,1,1
523821,523819,2,0,2,0,2,2
522779,522778,1,0,1,0,1,1
520928,520928,0,0,0,0,0,0
519151,519151,0,0,0,0,0,0
517543,517541,2,0,2,0,1,1
516324,516324,0,0,0,0,0,0
512810,512810,0,0,0,0,0,0
516778,516778,0,0,0,0,0,0
512916,512916,0,0,0,0,0,0
513140,513140,0,0,0,0,0,0
517030,517030,0,0,0,0,0,0
515793,515793,0,0,0,0,0,0
509921,509921,0,0,0,0,0,0
511222,511222,0,0,0,0,0,0
516571,516571,0,0,0,0,0,0
517785,517785,0,0,0,0,0,0
512849,512848,1,0,1,0,1,1
506492,506492,0,0,0,0,0,0
501908,501907,1,0,1,0,1,1
498826,498826,0,0,0,0,0,0
493299,493299,0,0,0,0,0,0
483316,483315,1,0,1,0,1,1
476798,476798,0,0,0,0,0,0
478065,478065,0,0,0,0,0,0
471587,471587,0,0,0,0,0,0
476770,476770,0,0,0,0,0,0
481420,481420,0,0,0,0,0,0
482133,482133,0,0,0,0,0,0
482263,482263,0,0,0,0,0,0
477027,477027,0,0,0,0,0,0
475665,475665,0,0,0,0,0,0
476904,476904,0,0,0,0,0,0
470816,470816,0,0,0,0,0,0
472994,472994,0,0,0,0,0,0
473335,473335,0,0,0,0,0,0
468751,468751,0,0,0,0,0,0
464924,464924,0,0,0,0,0,0
466312,466312,0,0,0,0,0,0
505018,505018,0,0,0,0,0,0
502718,502718,0,0,0,0,0,0
504795,504795,0,0,0,0,0,0
511217,511217,0,0,0,0,0,0
509540,509539,1,0,1,0,1,1
509442,509442,0,0,0,0,0,0
509475,509475,0,0,0,0,0,0
503076,503076,0,0,0,0,0,0
495656,495656,0,0,0,0,0,0
499268,499268,0,0,0,0,0,0
498001,498001,0,0,0,0,0,0
497914,497913,1,0,1,0,1,1
496847,496847,0,0,0,0,0,0
474106,474105,1,0,1,0,1,1
470673,470672,1,0,1,0,1,1
462632,462632,0,0,0,0,0,0
463899,463899,0,0,0,0,0,0
473877,473877,0,0,0,0,0,0
481588,481588,0,0,0,0,0,0
487986,487986,0,0,0,0,0,0
489254,489254,0,0,0,0,0,0
493864,493863,1,0,1,0,1,1
504928,504928,0,0,0,0,0,0
519203,519203,0,0,0,0,0,0
529255,529255,0,0,0,0,0,0
528916,528916,0,0,0,0,0,0
541589,541589,0,0,0,0,0,0
548762,548761,1,0,1,0,1,1
555707,555702,5,0,5,0,2,2
560450,560450,0,0,0,0,0,0
563076,563076,0,0,0,0,0,0
563431,563431,0,0,0,0,0,0
572108,572108,0,0,0,0,0,0
577219,577216,3,0,3,0,2,2
584201,584201,0,0,0,0,0,0
589217,589217,0,0,0,0,0,0
595919,595919,0,0,0,0,0,0
633311,633311,0,0,0,0,0,0
647472,647470,2,0,2,0,2,2
654608,654608,0,0,0,0,0,0
672485,672482,3,0,3,0,3,3
686355,686352,3,0,3,0,2,2
697447,697439,8,0,8,0,1,1
703474,703474,0,0,0,0,0,0
716264,716264,0,0,0,0,0,0
733658,733658,0,0,0,0,0,0
756809,756808,1,0,1,0,1,1
765920,765920,0,0,0,0,0,0
765492,765491,1,0,1,0,1,1
774266,774263,3,0,3,0,2,2
787582,787581,1,0,1,0,1,1
792403,792403,0,0,0,0,0,0
800167,800166,1,0,1,0,1,1
806681,806680,1,0,1,0,1,1
824307,824307,0,0,0,0,0,0
810177,810177,0,0,0,0,0,0
806748,806746,2,0,2,0,2,2
799581,799581,0,0,0,0,0,0
790217,790217,0,0,0,0,0,0
799217,799217,0,0,0,0,0,0
787543,787543,0,0,0,0,0,0
782877,782874,3,1,2,0,2,3
769182,769181,1,0,1,0,1,1
757909,757907,2,0,2,0,1,1
754173,754173,0,0,0,0,0,0
735596,735595,1,0,1,0,1,1
723896,723896,0,0,0,0,0,0
714727,714727,0,0,0,0,0,0
706294,706294,0,0,0,0,0,0
1063122,1063120,2,0,2,0,1,1
1056742,1056740,2,0,2,0,2,2
1047700,1047700,0,0,0,0,0,0
1059126,1059126,0,0,0,0,0,0
1068273,1068271,2,0,2,0,2,2
1050258,1050257,1,0,1,0,1,1
1048613,1048609,4,0,4,0,4,4
1037078,1037075,3,0,3,0,3,3
1039358,1039354,4,0,4,0,2,2
1048929,1048927,2,0,2,0,2,2
1046283,1046279,4,0,4,0,4,4
1049410,1049409,1,0,1,0,1,1
1045789,1045784,5,0,5,0,3,4
1057707,1057703,4,0,4,0,3,3
1092335,1092331,4,0,3,1,4,4
1102863,1102859,4,0,4,0,4,4
1104382,1104375,7,0,7,0,6,6
1108848,1108848,0,0,0,0,0,0
1108831,1108829,2,0,2,0,2,2
1118975,1118972,3,0,3,0,2,2
1141278,1141270,8,0,7,1,7,7
1141111,1141103,8,0,8,0,5,7
1140451,1140443,8,0,8,0,7,8
1144829,1144822,7,0,7,0,6,7
1143657,1143653,4,0,3,1,3,4
1143171,1143167,4,0,4,0,3,4
