coverage,wt.counts,mut.count,s.count,ns.count,stp.count,aa.sampled,codons.sampled
1141864,1141860,4,0,4,0,1,1
1152003,1152002,1,0,1,0,1,1
1141928,1141926,2,0,2,0,1,1
1110317,1110259,58,0,57,1,5,6
1118546,1118537,9,0,9,0,4,4
1125377,1125375,2,0,0,2,1,1
1146691,1146683,8,0,8,0,5,5
1137015,1136932,83,0,83,0,5,5
1146501,1146151,350,0,350,0,4,4
1160573,1160572,1,0,1,0,1,1
1144790,1144789,1,0,1,0,1,1
1170995,1170991,4,0,4,0,2,2
1161824,1161822,2,0,2,0,2,2
1178190,1178187,3,0,3,0,2,2
1164643,1164634,9,0,9,0,4,6
1161184,1161178,6,0,6,0,4,5
1167854,1167854,0,0,0,0,0,0
790277,790139,138,0,138,0,2,3
814797,814795,2,0,2,0,2,2
814021,814011,10,0,10,0,4,5
857742,857742,0,0,0,0,0,0
861580,861516,64,0,64,0,1,1
882324,882324,0,0,0,0,0,0
895506,895506,0,0,0,0,0,0
904818,904817,1,0,1,0,1,1
911347,911344,3,0,3,0,2,2
933689,933689,0,0,0,0,0,0
936581,936581,0,0,0,0,0,0
936444,936444,0,0,0,0,0,0
922977,922977,0,0,0,0,0,0
910055,910054,1,0,1,0,1,1
902128,902127,1,0,1,0,1,1
881997,881996,1,0,1,0,1,1
867451,867450,1,0,1,0,1,1
876224,876224,0,0,0,0,0,0
884268,884267,1,0,1,0,1,1
892934,892933,1,0,1,0,1,1
880152,880152,0,0,0,0,0,0
887264,887256,8,0,8,0,1,1
888691,888691,0,0,0,0,0,0
874845,874845,0,0,0,0,0,0
872928,872928,0,0,0,0,0,0
873550,873550,0,0,0,0,0,0
850709,850707,2,0,1,1,2,2
837994,837992,2,0,2,0,1,1
833765,833765,0,0,0,0,0,0
836775,836774,1,0,1,0,1,1
814138,814127,11,0,11,0,1,1
813784,813783,1,0,1,0,1,1
809796,809796,0,0,0,0,0,0
804480,804479,1,0,1,0,1,1
783898,783881,17,0,17,0,2,2
787781,787781,0,0,0,0,0,0
769633,769631,2,0,2,0,2,2
758762,758757,5,0,5,0,1,1
748564,748564,0,0,0,0,0,0
738764,738764,0,0,0,0,0,0
726665,726654,11,0,11,0,1,1
711215,711215,0,0,0,0,0,0
691346,691345,1,0,1,0,1,1
695508,695508,0,0,0,0,0,0
676684,676684,0,0,0,0,0,0
666262,666247,15,0,15,0,1,1
657834,657834,0,0,0,0,0,0
656573,656572,1,0,1,0,1,1
646063,646063,0,0,0,0,0,0
641027,641027,0,0,0,0,0,0
643450,643449,1,0,1,0,1,1
644433,644419,14,0,14,0,1,1
639825,639823,2,0,1,1,2,2
646865,646865,0,0,0,0,0,0
650350,650347,3,0,3,0,1,1
646025,646024,1,0,1,0,1,1
634098,634098,0,0,0,0,0,0
632762,632762,0,0,0,0,0,0
630864,630863,1,0,1,0,1,1
632713,632712,1,0,1,0,1,1
627040,627039,1,0,0,1,1,1
617126,617126,0,0,0,0,0,0
613045,613045,0,0,0,0,0,0
609004,609003,1,1,0,0,0,1
605151,605150,1,0,1,0,1,1
608489,608489,0,0,0,0,0,0
612044,612043,1,0,0,1,1,1
614479,614479,0,0,0,0,0,0
618686,618686,0,0,0,0,0,0
623068,623067,1,0,1,0,1,1
626870,626869,1,0,1,0,1,1
627876,627873,3,0,3,0,1,1
629117,629117,0,0,0,0,0,0
629663,629663,0,0,0,0,0,0
637234,637233,1,0,1,0,1,1
640701,640701,0,0,0,0,0,0
647101,647101,0,0,0,0,0,0
651789,651788,1,0,1,0,1,1
654462,654462,0,0,0,0,0,0
658590,658590,0,0,0,0,0,0
668540,668539,1,0,1,0,1,1
669346,669342,4,0,4,0,1,2
662786,662785,1,0,1,0,1,1
668467,668467,0,0,0,0,0,0
672215,672215,0,0,0,0,0,0
670952,670952,0,0,0,0,0,0
669083,669083,0,0,0,0,0,0
668477,668477,0,0,0,0,0,0
667605,667605,0,0,0,0,0,0
681031,681031,0,0,0,0,0,0
676264,676263,1,0,1,0,1,1
669760,669760,0,0,0,0,0,0
672176,672176,0,0,0,0,0,0
673342,673342,0,0,0,0,0,0
665201,664982,219,0,219,0,2,2
660361,660361,0,0,0,0,0,0
671767,671765,2,0,2,0,2,2
678329,678328,1,0,1,0,1,1
673940,673937,3,0,3,0,3,3
679773,679772,1,0,1,0,1,1
683314,683313,1,0,1,0,1,1
691018,691018,0,0,0,0,0,0
701120,701120,0,0,0,0,0,0
715052,715048,4,0,4,0,1,2
716832,716832,0,0,0,0,0,0
714966,714965,1,0,1,0,1,1
725831,725828,3,0,3,0,3,3
719240,719240,0,0,0,0,0,0
717326,717325,1,0,1,0,1,1
721076,721076,0,0,0,0,0,0
729609,729609,0,0,0,0,0,0
725985,725985,0,0,0,0,0,0
720232,720232,0,0,0,0,0,0
712949,712948,1,0,1,0,1,1
712845,712845,0,0,0,0,0,0
702557,702556,1,0,1,0,1,1
699826,699826,0,0,0,0,0,0
690023,690023,0,0,0,0,0,0
690301,690301,0,0,0,0,0,0
690766,690766,0,0,0,0,0,0
689400,689398,2,0,2,0,1,1
691168,691165,3,0,3,0,1,1
691553,691551,2,0,2,0,2,2
690321,690321,0,0,0,0,0,0
691663,691644,19,0,19,0,2,2
690033,690033,0,0,0,0,0,0
702960,702960,0,0,0,0,0,0
708449,708449,0,0,0,0,0,0
700706,700706,0,0,0,0,0,0
697520,697519,1,0,1,0,1,1
701618,701618,0,0,0,0,0,0
691513,691512,1,0,1,0,1,1
689491,689491,0,0,0,0,0,0
686123,686122,1,0,1,0,1,1
682576,682576,0,0,0,0,0,0
666167,666167,0,0,0,0,0,0
661470,661470,0,0,0,0,0,0
670846,670846,0,0,0,0,0,0
660665,660665,0,0,0,0,0,0
652498,652497,1,0,1,0,1,1
639074,639074,0,0,0,0,0,0
632194,632194,0,0,0,0,0,0
625369,625368,1,0,1,0,1,1
633303,633303,0,0,0,0,0,0
638478,638477,1,0,1,0,1,1
629939,629939,0,0,0,0,0,0
625407,625402,5,0,5,0,2,2
624917,624917,0,0,0,0,0,0
635587,635587,0,0,0,0,0,0
636372,636372,0,0,0,0,0,0
620427,620427,0,0,0,0,0,0
624359,624359,0,0,0,0,0,0
620911,620911,0,0,0,0,0,0
621657,621657,0,0,0,0,0,0
618295,618295,0,0,0,0,0,0
615594,615594,0,0,0,0,0,0
613705,613705,0,0,0,0,0,0
625731,625731,0,0,0,0,0,0
630144,630143,1,0,1,0,1,1
623553,623553,0,0,0,0,0,0
629318,629318,0,0,0,0,0,0
630809,630808,1,0,1,0,1,1
631236,631235,1,0,1,0,1,1
626769,626769,0,0,0,0,0,0
621364,621364,0,0,0,0,0,0
615312,615311,1,0,1,0,1,1
614062,614062,0,0,0,0,0,0
616195,616193,2,0,2,0,1,1
622776,622775,1,0,0,1,1,1
625729,625729,0,0,0,0,0,0
623450,623450,0,0,0,0,0,0
609845,609845,0,0,0,0,0,0
608812,608811,1,0,1,0,1,1
624367,624367,0,0,0,0,0,0
623491,623491,0,0,0,0,0,0
615483,615483,0,0,0,0,0,0
603362,603362,0,0,0,0,0,0
611596,611596,0,0,0,0,0,0
618628,618626,2,0,2,0,2,2
611296,611294,2,0,2,0,2,2
602532,602532,0,0,0,0,0,0
599792,599792,0,0,0,0,0,0
599060,599059,1,0,1,0,1,1
594304,594304,0,0,0,0,0,0
597669,597669,0,0,0,0,0,0
604036,604033,3,0,3,0,1,1
598125,598123,2,0,2,0,2,2
591993,591993,0,0,0,0,0,0
593760,593760,0,0,0,0,0,0
607951,607950,1,0,1,0,1,1
598726,598725,1,0,1,0,1,1
612832,612831,1,0,1,0,1,1
615032,615032,0,0,0,0,0,0
621170,621170,0,0,0,0,0,0
627528,627526,2,0,2,0,2,2
621242,621242,0,0,0,0,0,0
614067,614067,0,0,0,0,0,0
612060,612060,0,0,0,0,0,0
610825,610824,1,0,1,0,1,1
609427,609425,2,0,2,0,2,2
598196,598196,0,0,0,0,0,0
608361,608360,1,0,1,0,1,1
610924,610917,7,0,7,0,1,1
605624,605624,0,0,0,0,0,0
597304,597304,0,0,0,0,0,0
593935,593932,3,0,3,0,3,3
605004,605004,0,0,0,0,0,0
611596,611593,3,0,3,0,2,3
609234,609234,0,0,0,0,0,0
602997,602993,4,0,4,0,2,2
605768,605768,0,0,0,0,0,0
607915,607915,0,0,0,0,0,0
615349,615349,0,0,0,0,0,0
616820,616820,0,0,0,0,0,0
617801,617801,0,0,0,0,0,0
624704,624703,1,0,1,0,1,1
617932,617931,1,0,1,0,1,1
609055,609053,2,0,2,0,1,1
616354,616354,0,0,0,0,0,0
620315,620312,3,0,3,0,3,3
619631,619631,0,0,0,0,0,0
610716,610716,0,0,0,0,0,0
606755,606755,0,0,0,0,0,0
612722,612722,0,0,0,0,0,0
610256,610256,0,0,0,0,0,0
607126,607119,7,0,7,0,1,1
603949,603947,2,0,2,0,1,1
605816,605816,0,0,0,0,0,0
599463,599462,1,0,1,0,1,1
600533,600533,0,0,0,0,0,0
587145,587144,1,0,1,0,1,1
581613,581613,0,0,0,0,0,0
580087,580087,0,0,0,0,0,0
577968,577968,0,0,0,0,0,0
576619,576617,2,0,2,0,1,1
577035,577035,0,0,0,0,0,0
581512,581512,0,0,0,0,0,0
589308,589308,0,0,0,0,0,0
596783,596783,0,0,0,0,0,0
603604,603604,0,0,0,0,0,0
598432,598432,0,0,0,0,0,0
602263,602263,0,0,0,0,0,0
604780,604780,0,0,0,0,0,0
601060,601060,0,0,0,0,0,0
610654,610647,7,0,7,0,1,1
616455,616455,0,0,0,0,0,0
618460,618460,0,0,0,0,0,0
622654,622654,0,0,0,0,0,0
621007,621007,0,0,0,0,0,0
621207,621207,0,0,0,0,0,0
622105,622105,0,0,0,0,0,0
624826,624824,2,0,2,0,2,2
624557,624556,1,0,1,0,1,1
618327,618327,0,0,0,0,0,0
619230,619230,0,0,0,0,0,0
624276,624276,0,0,0,0,0,0
629355,629354,1,0,1,0,1,1
632250,632250,0,0,0,0,0,0
627091,627090,1,0,1,0,1,1
625695,625695,0,0,0,0,0,0
632464,632464,0,0,0,0,0,0
633275,633275,0,0,0,0,0,0
632613,632613,0,0,0,0,0,0
633242,633242,0,0,0,0,0,0
631880,631880,0,0,0,0,0,0
628008,627995,13,0,13,0,1,1
621842,621842,0,0,0,0,0,0
629189,629189,0,0,0,0,0,0
630415,630415,0,0,0,0,0,0
635260,635259,1,0,1,0,1,1
638397,638386,11,0,11,0,2,2
639543,639543,0,0,0,0,0,0
639688,639688,0,0,0,0,0,0
648910,648910,0,0,0,0,0,0
651867,651866,1,0,1,0,1,1
656530,656529,1,0,1,0,1,1
655698,655698,0,0,0,0,0,0
652222,652221,1,0,1,0,1,1
649639,649639,0,0,0,0,0,0
658335,658335,0,0,0,0,0,0
662762,662762,0,0,0,0,0,0
670609,670607,2,0,2,0,2,2
662101,662101,0,0,0,0,0,0
661868,661868,0,0,0,0,0,0
656501,656500,1,0,0,1,1,1
666164,666164,0,0,0,0,0,0
664979,664978,1,0,1,0,1,1
669061,669061,0,0,0,0,0,0
669868,669868,0,0,0,0,0,0
674165,674165,0,0,0,0,0,0
672300,672300,0,0,0,0,0,0
673650,673648,2,0,0,2,1,1
678455,678455,0,0,0,0,0,0
676648,676647,1,0,0,1,1,1
681852,681852,0,0,0,0,0,0
680051,680051,0,0,0,0,0,0
681293,681291,2,0,2,0,2,2
684786,684785,1,0,1,0,1,1
679296,679296,0,0,0,0,0,0
677619,677619,0,0,0,0,0,0
673113,673113,0,0,0,0,0,0
678695,678695,0,0,0,0,0,0
682518,682518,0,0,0,0,0,0
685768,685768,0,0,0,0,0,0
683949,683949,0,0,0,0,0,0
677885,677884,1,0,0,1,1,1
662656,662651,5,0,5,0,1,1
663601,663601,0,0,0,0,0,0
657507,657507,0,0,0,0,0,0
665861,665861,0,0,0,0,0,0
662819,662819,0,0,0,0,0,0
661293,661289,4,0,4,0,2,2
656432,656432,0,0,0,0,0,0
663715,663715,0,0,0,0,0,0
660520,660520,0,0,0,0,0,0
656489,656489,0,0,0,0,0,0
664555,664555,0,0,0,0,0,0
676696,676694,2,0,2,0,2,2
671251,671249,2,0,2,0,1,1
675656,675655,1,0,1,0,1,1
682237,682237,0,0,0,0,0,0
689428,689428,0,0,0,0,0,0
688579,688578,1,0,1,0,1,1
686342,686342,0,0,0,0,0,0
682688,682687,1,1,0,0,0,1
687913,687913,0,0,0,0,0,0
686167,686162,5,0,5,0,1,1
690191,690191,0,0,0,0,0,0
690343,690343,0,0,0,0,0,0
699140,699138,2,0,2,0,2,2
692589,692589,0,0,0,0,0,0
689581,689581,0,0,0,0,0,0
691042,691042,0,0,0,0,0,0
702383,702382,1,0,1,0,1,1
708275,708275,0,0,0,0,0,0
713086,713085,1,0,1,0,1,1
714919,714919,0,0,0,0,0,0
725853,725852,1,0,0,1,1,1
736854,736853,1,0,1,0,1,1
746654,746653,1,0,1,0,1,1
741186,741182,4,0,4,0,3,3
744763,744763,0,0,0,0,0,0
738399,738399,0,0,0,0,0,0
733904,733902,2,0,2,0,2,2
742552,742552,0,0,0,0,0,0
751098,751098,0,0,0,0,0,0
745800,745800,0,0,0,0,0,0
738107,738106,1,0,1,0,1,1
736429,736429,0,0,0,0,0,0
743047,743046,1,0,1,0,1,1
634569,634564,5,0,5,0,2,3
742207,742207,0,0,0,0,0,0
741925,741925,0,0,0,0,0,0
740488,740488,0,0,0,0,0,0
745545,745543,2,0,2,0,1,1
739131,739104,27,0,27,0,2,2
737915,737892,23,0,23,0,1,1
737650,737650,0,0,0,0,0,0
745976,745976,0,0,0,0,0,0
742669,742667,2,0,2,0,2,2
735579,735566,13,0,13,0,1,1
731263,731262,1,0,1,0,1,1
735374,735374,0,0,0,0,0,0
735512,735512,0,0,0,0,0,0
731703,731703,0,0,0,0,0,0
735084,735084,0,0,0,0,0,0
727862,727862,0,0,0,0,0,0
735301,735301,0,0,0,0,0,0
742353,742352,1,0,1,0,1,1
750000,750000,0,0,0,0,0,0
750972,750970,2,0,2,0,1,1
750763,750738,25,0,25,0,1,1
739591,739591,0,0,0,0,0,0
747210,747202,8,0,8,0,2,3
742835,742834,1,0,1,0,1,1
743890,743889,1,0,1,0,1,1
742193,742189,4,0,4,0,3,3
745115,745108,7,0,7,0,2,2
750734,750734,0,0,0,0,0,0
757800,757800,0,0,0,0,0,0
765342,765341,1,0,1,0,1,1
770776,770775,1,0,1,0,1,1
775108,775108,0,0,0,0,0,0
783679,783678,1,0,1,0,1,1
783515,783515,0,0,0,0,0,0
781284,781284,0,0,0,0,0,0
789141,789140,1,0,1,0,1,1
787223,787223,0,0,0,0,0,0
786984,786984,0,0,0,0,0,0
785439,785439,0,0,0,0,0,0
779124,779112,12,0,12,0,1,1
780779,780779,0,0,0,0,0,0
791683,791683,0,0,0,0,0,0
810596,810595,1,0,1,0,1,1
810393,810393,0,0,0,0,0,0
807338,807328,10,0,10,0,1,1
812496,812496,0,0,0,0,0,0
794832,794832,0,0,0,0,0,0
798064,798064,0,0,0,0,0,0
799267,799266,1,0,1,0,1,1
804164,804164,0,0,0,0,0,0
804971,804971,0,0,0,0,0,0
804434,804433,1,0,1,0,1,1
800327,800326,1,0,1,0,1,1
797736,797736,0,0,0,0,0,0
814653,814653,0,0,0,0,0,0
819223,819223,0,0,0,0,0,0
798645,798643,2,0,2,0,1,1
795558,795558,0,0,0,0,0,0
796152,796152,0,0,0,0,0,0
790323,790322,1,0,1,0,1,1
783690,783690,0,0,0,0,0,0
766564,766563,1,0,1,0,1,1
769000,769000,0,0,0,0,0,0
769456,769454,2,0,2,0,1,1
759739,759739,0,0,0,0,0,0
742283,742282,1,0,1,0,1,1
751149,751149,0,0,0,0,0,0
751251,751251,0,0,0,0,0,0
752541,752522,19,0,19,0,1,1
754771,754771,0,0,0,0,0,0
758029,758027,2,0,2,0,1,1
754248,754244,4,0,4,0,1,1
751423,751423,0,0,0,0,0,0
762431,762431,0,0,0,0,0,0
763081,763081,0,0,0,0,0,0
759536,759536,0,0,0,0,0,0
759693,759693,0,0,0,0,0,0
764935,764935,0,0,0,0,0,0
759047,759045,2,0,2,0,1,1
758938,758938,0,0,0,0,0,0
761596,761596,0,0,0,0,0,0
760713,760713,0,0,0,0,0,0
759269,759268,1,0,1,0,1,1
754617,754616,1,0,1,0,1,1
737257,737257,0,0,0,0,0,0
742221,742221,0,0,0,0,0,0
733433,733431,2,0,1,1,2,2
730992,730992,0,0,0,0,0,0
723015,723015,0,0,0,0,0,0
723256,723256,0,0,0,0,0,0
731178,731178,0,0,0,0,0,0
729186,729186,0,0,0,0,0,0
726626,726598,28,0,28,0,2,2
712374,712374,0,0,0,0,0,0
709420,709420,0,0,0,0,0,0
719328,719328,0,0,0,0,0,0
716059,716057,2,0,2,0,1,1
710838,710836,2,0,0,2,1,1
692645,692645,0,0,0,0,0,0
722308,722308,0,0,0,0,0,0
722912,722912,0,0,0,0,0,0
726318,726318,0,0,0,0,0,0
729781,729781,0,0,0,0,0,0
733167,733165,2,0,2,0,2,2
720836,720836,0,0,0,0,0,0
730504,730504,0,0,0,0,0,0
734107,734106,1,0,1,0,1,1
722515,722326,189,0,189,0,3,3
715786,715786,0,0,0,0,0,0
717914,717914,0,0,0,0,0,0
726541,726541,0,0,0,0,0,0
725887,725884,3,0,3,0,2,2
721346,721346,0,0,0,0,0,0
715605,715605,0,0,0,0,0,0
719309,719309,0,0,0,0,0,0
713886,713886,0,0,0,0,0,0
712508,712507,1,0,1,0,1,1
707400,707399,1,0,1,0,1,1
705324,705324,0,0,0,0,0,0
700030,700029,1,0,1,0,1,1
692882,692881,1,0,1,0,1,1
683192,683191,1,0,1,0,1,1
690818,690817,1,0,1,0,1,1
691748,691747,1,0,1,0,1,1
693926,693920,6,0,6,0,2,2
681847,681847,0,0,0,0,0,0
686785,686783,2,0,2,0,2,2
693205,693205,0,0,0,0,0,0
692759,692758,1,0,1,0,1,1
686502,686501,1,0,1,0,1,1
694075,694075,0,0,0,0,0,0
681542,681541,1,0,1,0,1,1
673256,673255,1,0,1,0,1,1
674493,674493,0,0,0,0,0,0
675103,675103,0,0,0,0,0,0
677439,677439,0,0,0,0,0,0
686651,686650,1,0,1,0,1,1
692463,692463,0,0,0,0,0,0
693547,693545,2,0,2,0,2,2
695286,695285,1,0,0,1,1,1
687053,687053,0,0,0,0,0,0
679939,679939,0,0,0,0,0,0
669645,669645,0,0,0,0,0,0
675207,675207,0,0,0,0,0,0
662719,662717,2,0,0,2,1,1
652100,652100,0,0,0,0,0,0
649352,649352,0,0,0,0,0,0
661701,661701,0,0,0,0,0,0
660845,660845,0,0,0,0,0,0
648937,648936,1,0,1,0,1,1
633718,633716,2,0,2,0,2,2
624476,624475,1,0,1,0,1,1
637118,637118,0,0,0,0,0,0
638770,638770,0,0,0,0,0,0
631017,631016,1,0,1,0,1,1
624727,624727,0,0,0,0,0,0
624512,624511,1,0,1,0,1,1
621811,621811,0,0,0,0,0,0
623974,623972,2,0,2,0,1,1
621345,621344,1,0,1,0,1,1
621628,621616,12,0,12,0,1,1
626553,626553,0,0,0,0,0,0
624354,624354,0,0,0,0,0,0
630281,630281,0,0,0,0,0,0
634670,634669,1,0,0,1,1,1
631617,631615,2,0,2,0,2,2
627896,627896,0,0,0,0,0,0
636682,636682,0,0,0,0,0,0
640009,640004,5,0,5,0,1,1
626509,626509,0,0,0,0,0,0
624264,624264,0,0,0,0,0,0
638054,638054,0,0,0,0,0,0
639036,639032,4,0,1,3,2,2
639158,639158,0,0,0,0,0,0
630488,630488,0,0,0,0,0,0
633067,633066,1,0,1,0,1,1
626221,626221,0,0,0,0,0,0
629226,629226,0,0,0,0,0,0
624194,624194,0,0,0,0,0,0
621031,621029,2,0,2,0,1,1
618693,618693,0,0,0,0,0,0
617866,617847,19,0,19,0,1,1
605295,605295,0,0,0,0,0,0
602523,602522,1,0,1,0,1,1
605454,605454,0,0,0,0,0,0
601926,601926,0,0,0,0,0,0
591080,591079,1,0,1,0,1,1
589775,589775,0,0,0,0,0,0
591505,591505,0,0,0,0,0,0
588645,588644,1,0,1,0,1,1
590784,590784,0,0,0,0,0,0
571356,571356,0,0,0,0,0,0
575500,575500,0,0,0,0,0,0
572927,572927,0,0,0,0,0,0
585566,585566,0,0,0,0,0,0
595496,595496,0,0,0,0,0,0
605842,605842,0,0,0,0,0,0
595549,595541,8,0,8,0,2,3
587112,587096,16,0,16,0,1,1
585978,585978,0,0,0,0,0,0
594304,594304,0,0,0,0,0,0
584896,584896,0,0,0,0,0,0
583336,583335,1,0,1,0,1,1
584529,584526,3,0,3,0,3,3
596238,596238,0,0,0,0,0,0
594207,594207,0,0,0,0,0,0
597309,597308,1,0,1,0,1,1
597380,597379,1,0,1,0,1,1
611002,611002,0,0,0,0,0,0
605527,605526,1,0,1,0,1,1
598738,598734,4,0,4,0,3,3
603693,603693,0,0,0,0,0,0
602470,602469,1,0,1,0,1,1
592477,592477,0,0,0,0,0,0
591190,591190,0,0,0,0,0,0
602230,602230,0,0,0,0,0,0
603672,603671,1,0,1,0,1,1
607248,607248,0,0,0,0,0,0
601671,601671,0,0,0,0,0,0
602284,602283,1,0,1,0,1,1
604391,604390,1,0,1,0,1,1
602171,602163,8,0,8,0,3,3
607144,607142,2,0,2,0,1,1
604509,604509,0,0,0,0,0,0
609998,609997,1,0,1,0,1,1
610545,610545,0,0,0,0,0,0
617112,617111,1,0,0,1,1,1
616821,616818,3,0,3,0,1,1
624120,624119,1,0,1,0,1,1
634344,634344,0,0,0,0,0,0
640446,640446,0,0,0,0,0,0
636078,636078,0,0,0,0,0,0
632594,632594,0,0,0,0,0,0
629223,629222,1,0,1,0,1,1
623925,623925,0,0,0,0,0,0
627858,627858,0,0,0,0,0,0
631608,631608,0,0,0,0,0,0
627036,627036,0,0,0,0,0,0
629419,629419,0,0,0,0,0,0
632933,632932,1,0,1,0,1,1
635108,635108,0,0,0,0,0,0
635223,635223,0,0,0,0,0,0
635450,635429,21,0,21,0,1,1
631133,631132,1,0,1,0,1,1
635894,635894,0,0,0,0,0,0
637449,637448,1,0,1,0,1,1
634798,634798,0,0,0,0,0,0
627062,627062,0,0,0,0,0,0
628930,628930,0,0,0,0,0,0
629095,629094,1,0,1,0,1,1
632186,632185,1,0,1,0,1,1
632776,632776,0,0,0,0,0,0
626764,626764,0,0,0,0,0,0
626554,626553,1,0,1,0,1,1
626616,626616,0,0,0,0,0,0
621174,621157,17,0,17,0,1,1
624091,624090,1,0,1,0,1,1
623084,623084,0,0,0,0,0,0
632359,632357,2,0,2,0,1,1
628803,628803,0,0,0,0,0,0
627989,627989,0,0,0,0,0,0
627321,627321,0,0,0,0,0,0
644059,644059,0,0,0,0,0,0
639660,639660,0,0,0,0,0,0
639909,639908,1,0,1,0,1,1
637412,637412,0,0,0,0,0,0
643687,643687,0,0,0,0,0,0
638737,638737,0,0,0,0,0,0
643406,643406,0,0,0,0,0,0
644469,644468,1,0,1,0,1,1
640617,640616,1,0,1,0,1,1
643200,643200,0,0,0,0,0,0
645874,645874,0,0,0,0,0,0
646146,646145,1,0,1,0,1,1
643877,643877,0,0,0,0,0,0
639964,639964,0,0,0,0,0,0
640417,640414,3,0,2,1,2,2
639812,639812,0,0,0,0,0,0
631973,631973,0,0,0,0,0,0
633958,633958,0,0,0,0,0,0
637978,637978,0,0,0,0,0,0
635800,635610,190,0,190,0,2,2
631562,631537,25,0,25,0,2,2
634563,634562,1,0,0,1,1,1
640372,640372,0,0,0,0,0,0
647249,647243,6,0,6,0,1,1
647278,647269,9,0,9,0,2,2
642799,642797,2,1,1,0,1,2
646291,646291,0,0,0,0,0,0
649014,649014,0,0,0,0,0,0
640841,640816,25,0,25,0,1,1
633698,633698,0,0,0,0,0,0
632852,632852,0,0,0,0,0,0
634835,634834,1,0,1,0,1,1
641391,641383,8,0,2,6,3,3
645186,645186,0,0,0,0,0,0
648509,648509,0,0,0,0,0,0
653539,653520,19,0,19,0,2,2
656084,656084,0,0,0,0,0,0
653409,653408,1,0,1,0,1,1
658653,658652,1,0,1,0,1,1
653697,653697,0,0,0,0,0,0
650293,650293,0,0,0,0,0,0
648762,648762,0,0,0,0,0,0
655637,655625,12,0,12,0,1,1
652896,652895,1,0,1,0,1,1
646228,646223,5,0,5,0,1,1
645156,645156,0,0,0,0,0,0
645224,645224,0,0,0,0,0,0
650359,650357,2,0,2,0,1,1
650082,650080,2,0,0,2,1,1
640373,640373,0,0,0,0,0,0
641971,641971,0,0,0,0,0,0
637817,637816,1,0,1,0,1,1
631207,631207,0,0,0,0,0,0
626687,626687,0,0,0,0,0,0
628744,628743,1,0,1,0,1,1
626646,626645,1,0,1,0,1,1
627080,627080,0,0,0,0,0,0
624699,624699,0,0,0,0,0,0
631862,631862,0,0,0,0,0,0
631468,631466,2,0,2,0,1,1
623399,623398,1,0,1,0,1,1
623730,623730,0,0,0,0,0,0
623878,623874,4,0,4,0,2,2
625239,625213,26,0,26,0,1,1
618393,618390,3,0,3,0,1,1
625850,625849,1,0,1,0,1,1
635909,635906,3,0,1,2,2,2
647414,647408,6,0,6,0,3,3
655400,655394,6,0,6,0,4,4
665127,665123,4,0,4,0,1,1
663907,663813,94,0,94,0,4,5
661712,661699,13,0,12,1,2,2
668036,668035,1,0,1,0,1,1
670855,670854,1,0,1,0,1,1
666060,666060,0,0,0,0,0,0
662465,662465,0,0,0,0,0,0
664478,664478,0,0,0,0,0,0
667478,667477,1,0,1,0,1,1
669495,669494,1,0,1,0,1,1
673199,673196,3,0,3,0,1,1
671612,671612,0,0,0,0,0,0
667507,667507,0,0,0,0,0,0
670133,670133,0,0,0,0,0,0
669979,669979,0,0,0,0,0,0
672449,672449,0,0,0,0,0,0
660169,660167,2,0,2,0,1,1
656571,656570,1,0,1,0,1,1
656213,656213,0,0,0,0,0,0
663119,663119,0,0,0,0,0,0
661724,661721,3,0,3,0,2,2
660492,660490,2,0,2,0,1,1
656536,656536,0,0,0,0,0,0
650539,649805,734,0,734,0,2,3
651198,651197,1,0,1,0,1,1
645827,645827,0,0,0,0,0,0
652434,652433,1,0,1,0,1,1
645889,645889,0,0,0,0,0,0
646665,646664,1,0,1,0,1,1
650906,650906,0,0,0,0,0,0
647367,647366,1,0,1,0,1,1
634149,634149,0,0,0,0,0,0
634509,634509,0,0,0,0,0,0
643180,643179,1,0,1,0,1,1
644338,644337,1,0,1,0,1,1
638100,638099,1,0,1,0,1,1
627723,627721,2,0,2,0,1,2
620791,620791,0,0,0,0,0,0
618181,618181,0,0,0,0,0,0
613875,613875,0,0,0,0,0,0
599660,599659,1,0,1,0,1,1
591389,591389,0,0,0,0,0,0
593024,593024,0,0,0,0,0,0
582227,582114,113,0,113,0,2,2
592058,592058,0,0,0,0,0,0
600070,600070,0,0,0,0,0,0
602168,602167,1,0,1,0,1,1
599713,599712,1,0,1,0,1,1
592131,592131,0,0,0,0,0,0
589748,589748,0,0,0,0,0,0
587626,587580,46,0,46,0,1,1
578951,578951,0,0,0,0,0,0
582177,582177,0,0,0,0,0,0
581303,581303,0,0,0,0,0,0
571901,571901,0,0,0,0,0,0
567653,567653,0,0,0,0,0,0
568732,568730,2,0,2,0,1,1
562765,562756,9,0,9,0,1,1
556622,556622,0,0,0,0,0,0
559722,559722,0,0,0,0,0,0
566719,566719,0,0,0,0,0,0
563317,563315,2,0,2,0,1,1
564638,564638,0,0,0,0,0,0
564522,564522,0,0,0,0,0,0
556557,556557,0,0,0,0,0,0
545551,545551,0,0,0,0,0,0
549215,549214,1,0,1,0,1,1
546135,546135,0,0,0,0,0,0
546779,546759,20,0,19,1,2,2
546328,546328,0,0,0,0,0,0
549760,549758,2,0,1,1,2,2
549162,549162,0,0,0,0,0,0
535235,535234,1,0,1,0,1,1
535252,535252,0,0,0,0,0,0
550125,550125,0,0,0,0,0,0
562280,562280,0,0,0,0,0,0
568298,568297,1,0,1,0,1,1
565839,565838,1,0,1,0,1,1
569388,569380,8,0,8,0,1,1
584960,584958,2,0,2,0,1,1
606046,606044,2,1,1,0,1,2
621489,621465,24,0,24,0,1,1
619491,619443,48,0,48,0,1,2
643957,643956,1,0,1,0,1,1
656122,656122,0,0,0,0,0,0
667397,667397,0,0,0,0,0,0
674856,674856,0,0,0,0,0,0
679301,679301,0,0,0,0,0,0
679727,679727,0,0,0,0,0,0
693577,693576,1,0,1,0,1,1
700516,700514,2,0,2,0,1,1
717223,717222,1,0,1,0,1,1
722686,722670,16,0,16,0,1,1
733932,733932,0,0,0,0,0,0
752055,752054,1,0,1,0,1,1
772109,772109,0,0,0,0,0,0
785851,785850,1,0,1,0,1,1
805014,805013,1,0,1,0,1,1
823447,823446,1,0,1,0,1,1
836130,836108,22,0,22,0,2,3
842399,842374,25,0,25,0,4,4
862929,862927,2,0,2,0,1,1
893248,893247,1,0,1,0,1,1
935673,935673,0,0,0,0,0,0
948421,948419,2,0,2,0,1,2
956342,956342,0,0,0,0,0,0
975749,975749,0,0,0,0,0,0
1001579,1001579,0,0,0,0,0,0
1009926,1009918,8,0,8,0,2,2
1025706,1025705,1,0,1,0,1,1
1034071,1034071,0,0,0,0,0,0
1063433,1063432,1,0,1,0,1,1
1068146,1068146,0,0,0,0,0,0
1067073,1067054,19,0,19,0,3,3
1059309,1059308,1,0,1,0,1,1
1057811,1057811,0,0,0,0,0,0
1073069,1073069,0,0,0,0,0,0
1060403,1060402,1,0,1,0,1,1
1054784,1054784,0,0,0,0,0,0
1033831,1033830,1,0,1,0,1,1
1017835,1017833,2,0,2,0,2,2
1015078,1015077,1,0,1,0,1,1
985594,985590,4,0,4,0,2,2
969338,969338,0,0,0,0,0,0
955031,955026,5,0,5,0,3,3
942716,942715,1,0,1,0,1,1
1338573,1338571,2,0,2,0,1,1
1327175,1327166,9,0,9,0,3,3
1310626,1310625,1,0,1,0,1,1
1333317,1332894,423,0,423,0,2,2
1347533,1347506,27,0,27,0,3,3
1322368,1322366,2,0,2,0,1,1
1322580,1322563,17,0,17,0,5,7
1302327,1302312,15,0,15,0,7,10
1303363,1303326,37,0,37,0,4,5
1319774,1319764,10,0,10,0,7,7
1316480,1316470,10,2,8,0,5,7
1321641,1321629,12,0,12,0,7,9
1313975,1313967,8,0,8,0,5,5
1318503,1318480,23,0,23,0,4,7
1309670,1309659,11,0,11,0,8,8
1325412,1325399,13,0,11,2,5,6
1329123,1329114,9,0,9,0,7,7
1330397,1330388,9,0,9,0,4,5
1327302,1327296,6,0,6,0,3,4
1336770,1336764,6,0,6,0,4,5
1336329,1336314,15,0,15,0,7,9
1334234,1334211,23,0,23,0,12,16
1334416,1334411,5,0,5,0,4,4
1338400,1338387,13,0,13,0,6,9
1338087,1338071,16,0,16,0,8,9
1336070,1336060,10,0,10,0,5,6
