coverage,wt.counts,mut.count,s.count,ns.count,stp.count,aa.sampled,codons.sampled
1322813,1322799,14,0,14,0,7,9
1331844,1331833,11,0,11,0,6,8
1324365,1324352,13,0,13,0,6,8
1310143,1310119,24,0,23,1,12,15
1320507,1320479,28,0,26,2,11,19
1309940,1309923,17,0,17,0,11,14
1327381,1327352,29,0,26,3,12,16
1326839,1326818,21,0,21,0,9,15
1329690,1329672,18,0,15,3,8,13
1335823,1335806,17,0,14,3,9,11
1325328,1325315,13,0,13,0,9,9
1344579,1344568,11,0,11,0,5,6
1334220,1334204,16,0,16,0,8,10
1349200,1349192,8,0,8,0,5,7
1332241,1332217,24,0,23,1,13,19
1332160,1332148,12,1,11,0,7,11
1334757,1334745,12,1,11,0,7,10
843597,843591,6,0,6,0,3,4
857637,857631,6,0,6,0,5,5
872619,872610,9,1,8,0,4,5
893286,893282,4,0,4,0,3,3
898215,898214,1,0,1,0,1,1
916693,916692,1,0,1,0,1,1
933077,933068,9,0,8,1,7,8
948474,948466,8,0,8,0,4,6
957343,957334,9,0,9,0,4,7
986480,986469,11,0,11,0,9,10
995311,995298,13,0,13,0,9,11
1001792,1001778,14,0,11,3,8,10
1002066,1002063,3,0,2,1,3,3
998594,998588,6,0,6,0,5,5
996646,996641,5,0,5,0,3,4
983806,983802,4,0,4,0,2,4
976247,976237,10,0,10,0,7,8
990037,990036,1,0,1,0,1,1
1003028,1003022,6,0,5,1,5,6
1017236,1017234,2,0,2,0,2,2
1009273,1009268,5,0,4,1,4,4
1019967,1019965,2,0,2,0,2,2
1027856,1027854,2,0,2,0,1,1
1020265,1020259,6,0,6,0,3,3
1022631,1022629,2,0,2,0,2,2
1026591,1026585,6,1,5,0,3,4
1009305,1009302,3,0,3,0,3,3
1003183,1003172,11,0,11,0,6,6
1000396,1000394,2,0,2,0,2,2
1005121,1005110,11,0,11,0,9,10
984628,984620,8,0,8,0,6,7
984056,984053,3,0,3,0,3,3
979324,979321,3,0,3,0,2,2
975862,975860,2,0,1,1,2,2
958741,958730,11,0,11,0,6,8
963105,963101,4,0,4,0,3,3
944667,944665,2,0,2,0,2,2
936626,936623,3,0,3,0,3,3
927306,927298,8,0,7,1,7,7
920382,920379,3,0,3,0,3,3
915584,915584,0,0,0,0,0,0
903869,903866,3,0,3,0,3,3
887929,887926,3,0,3,0,3,3
891676,891675,1,0,1,0,1,1
874665,874659,6,0,5,1,5,5
864156,864156,0,0,0,0,0,0
852292,852288,4,0,2,2,3,3
849986,849979,7,0,7,0,5,6
836057,836054,3,0,3,0,2,3
832311,832309,2,0,2,0,1,2
836003,836003,0,0,0,0,0,0
835734,835732,2,0,2,0,2,2
829347,829344,3,0,3,0,3,3
834652,834652,0,0,0,0,0,0
839846,839844,2,0,2,0,2,2
837123,837122,1,0,1,0,1,1
820137,820137,0,0,0,0,0,0
815996,815995,1,0,1,0,1,1
811999,811997,2,0,2,0,2,2
811629,811628,1,0,1,0,1,1
805101,805100,1,0,1,0,1,1
790127,790124,3,0,3,0,2,2
782149,782145,4,0,4,0,3,3
775411,775409,2,0,2,0,2,2
768023,768019,4,0,4,0,3,4
771554,771548,6,0,6,0,4,4
775074,775071,3,0,3,0,2,2
778149,778147,2,0,2,0,2,2
780680,780675,5,0,5,0,4,5
784081,784080,1,0,1,0,1,1
785082,785081,1,0,1,0,1,1
783591,783587,4,0,4,0,3,3
781437,781437,0,0,0,0,0,0
780344,780343,1,0,0,1,1,1
788288,788286,2,0,2,0,2,2
790685,790679,6,0,5,1,5,5
794284,794280,4,0,4,0,3,3
796880,796877,3,0,3,0,2,3
801759,801759,0,0,0,0,0,0
804289,804287,2,0,2,0,2,2
810974,810974,0,0,0,0,0,0
809179,809178,1,0,1,0,1,1
799136,799134,2,0,2,0,2,2
798386,798385,1,0,1,0,1,1
793870,793868,2,0,2,0,2,2
788272,788272,0,0,0,0,0,0
781143,781140,3,0,3,0,3,3
772958,772957,1,0,1,0,1,1
766738,766738,0,0,0,0,0,0
775260,775260,0,0,0,0,0,0
768810,768808,2,0,2,0,2,2
763416,763416,0,0,0,0,0,0
767237,767233,4,0,4,0,3,3
768169,768169,0,0,0,0,0,0
760245,760241,4,0,4,0,3,4
757358,757357,1,0,1,0,1,1
766131,766131,0,0,0,0,0,0
770836,770835,1,0,1,0,1,1
770577,770574,3,0,3,0,2,2
776308,776306,2,0,2,0,2,2
781606,781606,0,0,0,0,0,0
787973,787969,4,0,4,0,3,4
798150,798150,0,0,0,0,0,0
813321,813320,1,0,1,0,1,1
815011,815010,1,0,1,0,1,1
812298,812297,1,0,1,0,1,1
822776,822772,4,0,4,0,4,4
819443,819441,2,0,2,0,2,2
819462,819460,2,0,2,0,2,2
823070,823069,1,0,1,0,1,1
832309,832309,0,0,0,0,0,0
830794,830794,0,0,0,0,0,0
826849,826847,2,0,2,0,1,1
820960,820959,1,0,1,0,1,1
820573,820572,1,0,1,0,1,1
812205,812204,1,0,1,0,1,1
809048,809048,0,0,0,0,0,0
799797,799795,2,0,2,0,2,2
800899,800898,1,0,1,0,1,1
801511,801511,0,0,0,0,0,0
802118,802115,3,0,3,0,2,2
804093,804092,1,0,1,0,1,1
805905,805904,1,0,1,0,1,1
807521,807521,0,0,0,0,0,0
809977,809977,0,0,0,0,0,0
808700,808700,0,0,0,0,0,0
823064,823062,2,0,2,0,1,1
829305,829302,3,0,3,0,3,3
823345,823345,0,0,0,0,0,0
821289,821289,0,0,0,0,0,0
822907,822906,1,0,1,0,1,1
812633,812631,2,0,2,0,1,1
808378,808377,1,0,1,0,1,1
803487,803486,1,0,1,0,1,1
800811,800808,3,0,3,0,2,2
786510,786510,0,0,0,0,0,0
782537,782534,3,0,3,0,3,3
791080,791080,0,0,0,0,0,0
782342,782341,1,0,1,0,1,1
773593,773592,1,0,1,0,1,1
762433,762433,0,0,0,0,0,0
756210,756209,1,0,1,0,1,1
749139,749139,0,0,0,0,0,0
754380,754380,0,0,0,0,0,0
757021,757020,1,0,1,0,1,1
749532,749532,0,0,0,0,0,0
743773,743773,0,0,0,0,0,0
742479,742478,1,0,1,0,1,1
751573,751571,2,0,2,0,2,2
751753,751752,1,0,1,0,1,1
734998,734997,1,0,1,0,1,1
738859,738858,1,0,1,0,1,1
733501,733501,0,0,0,0,0,0
733148,733148,0,0,0,0,0,0
729550,729550,0,0,0,0,0,0
726276,726274,2,0,2,0,2,2
724453,724452,1,0,1,0,1,1
738912,738912,0,0,0,0,0,0
743031,743031,0,0,0,0,0,0
737148,737148,0,0,0,0,0,0
742038,742037,1,0,1,0,1,1
743174,743174,0,0,0,0,0,0
744452,744452,0,0,0,0,0,0
739945,739943,2,0,2,0,1,1
736750,736750,0,0,0,0,0,0
731316,731316,0,0,0,0,0,0
729949,729949,0,0,0,0,0,0
732377,732377,0,0,0,0,0,0
735088,735088,0,0,0,0,0,0
737281,737281,0,0,0,0,0,0
737332,737332,0,0,0,0,0,0
728233,728231,2,0,2,0,2,2
727459,727458,1,0,1,0,1,1
741191,741191,0,0,0,0,0,0
740694,740692,2,0,2,0,2,2
732478,732478,0,0,0,0,0,0
720381,720380,1,0,1,0,1,1
727490,727489,1,0,1,0,1,1
733014,733014,0,0,0,0,0,0
725927,725925,2,0,2,0,2,2
717392,717392,0,0,0,0,0,0
716900,716900,0,0,0,0,0,0
717331,717331,0,0,0,0,0,0
714226,714226,0,0,0,0,0,0
718405,718405,0,0,0,0,0,0
724889,724889,0,0,0,0,0,0
718512,718512,0,0,0,0,0,0
711615,711615,0,0,0,0,0,0
713658,713655,3,0,3,0,3,3
727999,727999,0,0,0,0,0,0
719232,719231,1,0,1,0,1,1
732636,732634,2,0,2,0,1,2
734832,734832,0,0,0,0,0,0
738467,738465,2,0,0,2,1,1
744140,744139,1,0,1,0,1,1
737856,737855,1,0,1,0,1,1
732063,732061,2,0,2,0,1,1
729787,729787,0,0,0,0,0,0
725717,725717,0,0,0,0,0,0
722345,722344,1,0,1,0,1,1
712440,712438,2,0,2,0,1,2
721931,721931,0,0,0,0,0,0
725386,725386,0,0,0,0,0,0
719964,719963,1,0,1,0,1,1
715050,715049,1,0,1,0,1,1
710801,710801,0,0,0,0,0,0
719728,719728,0,0,0,0,0,0
724434,724429,5,0,5,0,3,3
720016,720016,0,0,0,0,0,0
712065,712063,2,0,2,0,2,2
712705,712705,0,0,0,0,0,0
714002,714001,1,0,1,0,1,1
718951,718951,0,0,0,0,0,0
721369,721367,2,0,2,0,2,2
722300,722296,4,0,4,0,4,4
730015,730015,0,0,0,0,0,0
724538,724538,0,0,0,0,0,0
717385,717385,0,0,0,0,0,0
722840,722839,1,0,1,0,1,1
726895,726895,0,0,0,0,0,0
726432,726432,0,0,0,0,0,0
717787,717785,2,0,2,0,2,2
713887,713887,0,0,0,0,0,0
719556,719555,1,0,1,0,1,1
716816,716816,0,0,0,0,0,0
713935,713935,0,0,0,0,0,0
710967,710966,1,0,1,0,1,1
713425,713424,1,0,1,0,1,1
707122,707121,1,0,1,0,1,1
707268,707265,3,0,3,0,3,3
693337,693337,0,0,0,0,0,0
688279,688279,0,0,0,0,0,0
687419,687419,0,0,0,0,0,0
684793,684792,1,0,1,0,1,1
682980,682980,0,0,0,0,0,0
681842,681840,2,2,0,0,0,1
686943,686943,0,0,0,0,0,0
693555,693554,1,0,1,0,1,1
699527,699527,0,0,0,0,0,0
704418,704415,3,0,3,0,3,3
699279,699277,2,0,2,0,2,2
704476,704476,0,0,0,0,0,0
708025,708024,1,0,1,0,1,1
705033,705033,0,0,0,0,0,0
714078,714077,1,0,1,0,1,1
718292,718292,0,0,0,0,0,0
719616,719614,2,0,2,0,2,2
724300,724300,0,0,0,0,0,0
725993,725993,0,0,0,0,0,0
728147,728147,0,0,0,0,0,0
728043,728043,0,0,0,0,0,0
729844,729843,1,0,1,0,1,1
729973,729972,1,0,1,0,1,1
724334,724334,0,0,0,0,0,0
724333,724333,0,0,0,0,0,0
728508,728508,0,0,0,0,0,0
732534,732534,0,0,0,0,0,0
735490,735490,0,0,0,0,0,0
728942,728939,3,0,3,0,2,2
727838,727838,0,0,0,0,0,0
734799,734797,2,0,2,0,2,2
735652,735652,0,0,0,0,0,0
733389,733389,0,0,0,0,0,0
733756,733756,0,0,0,0,0,0
734217,734216,1,0,1,0,1,1
732679,732679,0,0,0,0,0,0
726495,726494,1,0,1,0,1,1
731458,731458,0,0,0,0,0,0
729913,729913,0,0,0,0,0,0
735207,735206,1,0,1,0,1,1
738843,738841,2,0,2,0,2,2
739311,739311,0,0,0,0,0,0
739289,739289,0,0,0,0,0,0
749233,749233,0,0,0,0,0,0
752732,752731,1,0,0,1,1,1
756923,756923,0,0,0,0,0,0
756560,756559,1,0,1,0,1,1
753635,753635,0,0,0,0,0,0
750683,750682,1,0,1,0,1,1
758636,758636,0,0,0,0,0,0
760848,760848,0,0,0,0,0,0
766046,766042,4,0,4,0,4,4
759316,759316,0,0,0,0,0,0
761456,761455,1,0,1,0,1,1
758173,758173,0,0,0,0,0,0
765365,765365,0,0,0,0,0,0
761417,761417,0,0,0,0,0,0
766901,766901,0,0,0,0,0,0
767416,767416,0,0,0,0,0,0
771188,771188,0,0,0,0,0,0
770187,770184,3,0,3,0,2,2
772397,772396,1,0,1,0,1,1
777734,777734,0,0,0,0,0,0
774866,774865,1,0,1,0,1,1
779590,779590,0,0,0,0,0,0
778120,778120,0,0,0,0,0,0
778436,778436,0,0,0,0,0,0
783366,783364,2,0,2,0,2,2
779938,779937,1,0,1,0,1,1
778087,778087,0,0,0,0,0,0
772988,772988,0,0,0,0,0,0
778706,778705,1,0,1,0,1,1
780163,780162,1,0,1,0,1,1
779916,779914,2,0,2,0,1,1
777727,777726,1,0,1,0,1,1
774405,774405,0,0,0,0,0,0
762055,762047,8,0,8,0,1,1
762942,762942,0,0,0,0,0,0
759006,759006,0,0,0,0,0,0
764984,764984,0,0,0,0,0,0
762472,762471,1,0,1,0,1,1
760004,760004,0,0,0,0,0,0
753252,753251,1,0,1,0,1,1
760563,760562,1,0,1,0,1,1
757963,757963,0,0,0,0,0,0
754084,754083,1,0,1,0,1,1
764130,764130,0,0,0,0,0,0
772612,772610,2,0,2,0,2,2
766958,766958,0,0,0,0,0,0
774456,774455,1,0,1,0,1,1
779188,779188,0,0,0,0,0,0
784476,784473,3,0,3,0,2,2
781385,781385,0,0,0,0,0,0
779674,779674,0,0,0,0,0,0
778017,778017,0,0,0,0,0,0
785531,785529,2,0,2,0,2,2
785207,785206,1,0,1,0,1,1
787664,787664,0,0,0,0,0,0
785508,785507,1,0,1,0,1,1
795763,795762,1,0,1,0,1,1
790136,790135,1,0,0,1,1,1
787245,787244,1,0,1,0,1,1
789366,789366,0,0,0,0,0,0
800193,800191,2,0,2,0,1,1
806223,806223,0,0,0,0,0,0
811048,811048,0,0,0,0,0,0
814830,814829,1,0,1,0,1,1
821521,821521,0,0,0,0,0,0
830593,830593,0,0,0,0,0,0
839975,839973,2,0,2,0,2,2
835459,835455,4,0,4,0,3,3
839549,839549,0,0,0,0,0,0
835167,835166,1,0,1,0,1,1
830614,830614,0,0,0,0,0,0
835859,835856,3,0,3,0,3,3
843028,843028,0,0,0,0,0,0
839334,839334,0,0,0,0,0,0
833228,833227,1,0,1,0,1,1
833064,833064,0,0,0,0,0,0
841731,841731,0,0,0,0,0,0
836314,836314,0,0,0,0,0,0
839545,839543,2,0,2,0,1,1
835500,835500,0,0,0,0,0,0
832404,832404,0,0,0,0,0,0
838240,838239,1,0,1,0,1,1
832827,832826,1,0,1,0,1,1
833930,833927,3,0,3,0,3,3
833468,833467,1,0,1,0,1,1
838115,838115,0,0,0,0,0,0
835239,835238,1,0,1,0,1,1
831208,831208,0,0,0,0,0,0
825607,825605,2,0,2,0,1,1
829338,829338,0,0,0,0,0,0
829128,829127,1,0,1,0,1,1
827013,827013,0,0,0,0,0,0
830483,830482,1,0,1,0,1,1
824012,824012,0,0,0,0,0,0
829701,829701,0,0,0,0,0,0
835741,835741,0,0,0,0,0,0
843761,843761,0,0,0,0,0,0
845786,845786,0,0,0,0,0,0
847122,847121,1,0,1,0,1,1
836214,836214,0,0,0,0,0,0
842509,842509,0,0,0,0,0,0
839237,839237,0,0,0,0,0,0
840757,840757,0,0,0,0,0,0
839767,839765,2,0,2,0,1,1
843685,843685,0,0,0,0,0,0
847386,847385,1,0,1,0,1,1
854062,854062,0,0,0,0,0,0
860239,860236,3,0,3,0,3,3
866194,866194,0,0,0,0,0,0
870694,870693,1,0,1,0,1,1
878404,878404,0,0,0,0,0,0
879096,879096,0,0,0,0,0,0
876391,876391,0,0,0,0,0,0
882603,882603,0,0,0,0,0,0
881389,881389,0,0,0,0,0,0
880977,880977,0,0,0,0,0,0
880351,880351,0,0,0,0,0,0
875855,875853,2,0,2,0,2,2
876570,876569,1,0,1,0,1,1
886478,886477,1,0,1,0,1,1
904031,904030,1,0,1,0,1,1
904086,904086,0,0,0,0,0,0
901804,901804,0,0,0,0,0,0
908858,908858,0,0,0,0,0,0
891730,891729,1,0,1,0,1,1
894722,894722,0,0,0,0,0,0
894553,894552,1,0,1,0,1,1
898579,898577,2,0,2,0,2,2
898280,898279,1,0,1,0,1,1
899089,899088,1,0,1,0,1,1
894516,894514,2,0,2,0,2,2
890839,890839,0,0,0,0,0,0
908262,908262,0,0,0,0,0,0
912233,912233,0,0,0,0,0,0
893269,893267,2,0,2,0,2,2
890328,890327,1,0,1,0,1,1
890336,890335,1,0,1,0,1,1
881988,881988,0,0,0,0,0,0
874229,874229,0,0,0,0,0,0
859359,859359,0,0,0,0,0,0
861106,861105,1,0,1,0,1,1
863056,863056,0,0,0,0,0,0
854468,854468,0,0,0,0,0,0
841237,841237,0,0,0,0,0,0
846847,846847,0,0,0,0,0,0
845983,845983,0,0,0,0,0,0
848798,848798,0,0,0,0,0,0
849495,849495,0,0,0,0,0,0
854556,854556,0,0,0,0,0,0
850180,850180,0,0,0,0,0,0
846605,846605,0,0,0,0,0,0
856068,856067,1,0,1,0,1,1
855267,855265,2,0,2,0,1,1
850110,850110,0,0,0,0,0,0
852382,852382,0,0,0,0,0,0
859523,859523,0,0,0,0,0,0
854741,854741,0,0,0,0,0,0
854470,854469,1,0,1,0,1,1
855755,855754,1,0,1,0,1,1
854653,854653,0,0,0,0,0,0
854369,854369,0,0,0,0,0,0
847797,847797,0,0,0,0,0,0
829899,829899,0,0,0,0,0,0
833177,833177,0,0,0,0,0,0
823897,823897,0,0,0,0,0,0
823013,823013,0,0,0,0,0,0
816109,816108,1,0,1,0,1,1
817516,817516,0,0,0,0,0,0
824886,824885,1,0,1,0,1,1
822948,822947,1,0,1,0,1,1
822762,822761,1,0,1,0,1,1
811228,811228,0,0,0,0,0,0
808420,808419,1,0,1,0,1,1
815263,815263,0,0,0,0,0,0
810919,810919,0,0,0,0,0,0
804097,804097,0,0,0,0,0,0
808280,808280,0,0,0,0,0,0
813660,813660,0,0,0,0,0,0
814576,814575,1,0,1,0,1,1
816043,816042,1,0,1,0,1,1
819681,819681,0,0,0,0,0,0
823368,823368,0,0,0,0,0,0
810440,810440,0,0,0,0,0,0
820734,820734,0,0,0,0,0,0
826291,826289,2,0,2,0,2,2
818514,818514,0,0,0,0,0,0
812271,812269,2,0,2,0,2,2
814168,814168,0,0,0,0,0,0
821767,821767,0,0,0,0,0,0
821543,821543,0,0,0,0,0,0
816132,816131,1,0,1,0,1,1
810494,810494,0,0,0,0,0,0
813286,813286,0,0,0,0,0,0
808356,808355,1,0,1,0,1,1
808402,808400,2,0,2,0,2,2
804564,804564,0,0,0,0,0,0
800256,800254,2,0,2,0,1,1
792892,792891,1,0,1,0,1,1
787382,787382,0,0,0,0,0,0
776533,776533,0,0,0,0,0,0
784360,784360,0,0,0,0,0,0
786681,786681,0,0,0,0,0,0
790061,790061,0,0,0,0,0,0
779538,779537,1,0,1,0,1,1
783375,783375,0,0,0,0,0,0
787168,787168,0,0,0,0,0,0
784978,784978,0,0,0,0,0,0
776997,776997,0,0,0,0,0,0
785163,785158,5,0,5,0,2,3
773316,773315,1,0,1,0,1,1
763191,763188,3,0,3,0,2,2
763392,763392,0,0,0,0,0,0
765051,765051,0,0,0,0,0,0
767621,767621,0,0,0,0,0,0
775839,775838,1,0,1,0,1,1
782557,782557,0,0,0,0,0,0
782351,782351,0,0,0,0,0,0
783299,783299,0,0,0,0,0,0
774502,774501,1,1,0,0,0,1
769007,769007,0,0,0,0,0,0
758280,758280,0,0,0,0,0,0
764349,764348,1,0,1,0,1,1
753725,753724,1,0,1,0,1,1
744617,744617,0,0,0,0,0,0
740860,740859,1,0,1,0,1,1
752385,752385,0,0,0,0,0,0
751910,751907,3,0,3,0,2,2
738750,738749,1,0,1,0,1,1
726579,726578,1,0,1,0,1,1
719867,719866,1,0,1,0,1,1
731988,731988,0,0,0,0,0,0
736649,736649,0,0,0,0,0,0
729804,729804,0,0,0,0,0,0
721067,721067,0,0,0,0,0,0
721702,721701,1,0,1,0,1,1
719464,719464,0,0,0,0,0,0
723270,723270,0,0,0,0,0,0
722289,722289,0,0,0,0,0,0
725241,725241,0,0,0,0,0,0
731063,731062,1,0,1,0,1,1
726793,726793,0,0,0,0,0,0
731857,731856,1,0,1,0,1,1
735987,735987,0,0,0,0,0,0
733828,733827,1,0,1,0,1,1
731958,731958,0,0,0,0,0,0
743527,743524,3,0,3,0,2,3
748893,748892,1,0,1,0,1,1
737544,737544,0,0,0,0,0,0
736059,736058,1,0,1,0,1,1
748549,748549,0,0,0,0,0,0
750835,750832,3,0,3,0,3,3
750905,750905,0,0,0,0,0,0
743058,743057,1,0,1,0,1,1
744787,744787,0,0,0,0,0,0
736353,736353,0,0,0,0,0,0
738481,738481,0,0,0,0,0,0
733678,733678,0,0,0,0,0,0
731465,731464,1,0,1,0,1,1
729252,729252,0,0,0,0,0,0
729463,729463,0,0,0,0,0,0
717673,717673,0,0,0,0,0,0
714162,714162,0,0,0,0,0,0
714354,714354,0,0,0,0,0,0
711609,711609,0,0,0,0,0,0
703133,703131,2,0,2,0,2,2
702307,702305,2,0,2,0,2,2
704307,704307,0,0,0,0,0,0
702172,702172,0,0,0,0,0,0
703637,703637,0,0,0,0,0,0
687875,687875,0,0,0,0,0,0
689246,689244,2,0,2,0,1,1
685092,685092,0,0,0,0,0,0
696045,696044,1,0,1,0,1,1
702685,702683,2,0,2,0,1,1
714200,714199,1,0,1,0,1,1
704629,704628,1,0,1,0,1,1
697549,697548,1,0,1,0,1,1
695721,695720,1,0,1,0,1,1
701493,701491,2,0,2,0,2,2
692664,692664,0,0,0,0,0,0
689182,689181,1,0,1,0,1,1
691242,691240,2,0,2,0,2,2
702223,702220,3,0,3,0,2,2
701437,701437,0,0,0,0,0,0
705005,705005,0,0,0,0,0,0
702529,702525,4,0,4,0,2,2
715338,715337,1,0,1,0,1,1
710404,710404,0,0,0,0,0,0
701294,701294,0,0,0,0,0,0
705760,705758,2,0,2,0,2,2
705681,705681,0,0,0,0,0,0
695598,695598,0,0,0,0,0,0
694985,694984,1,0,1,0,1,1
703824,703824,0,0,0,0,0,0
704027,704020,7,0,7,0,5,6
705837,705837,0,0,0,0,0,0
699869,699867,2,0,1,1,2,2
699571,699570,1,0,1,0,1,1
702264,702264,0,0,0,0,0,0
701974,701973,1,0,1,0,1,1
705534,705532,2,0,2,0,1,1
703569,703569,0,0,0,0,0,0
708494,708493,1,0,1,0,1,1
708557,708557,0,0,0,0,0,0
716158,716157,1,0,1,0,1,1
716828,716828,0,0,0,0,0,0
722507,722506,1,0,1,0,1,1
732377,732377,0,0,0,0,0,0
738684,738684,0,0,0,0,0,0
735241,735240,1,0,1,0,1,1
732235,732234,1,0,1,0,1,1
728211,728211,0,0,0,0,0,0
722651,722651,0,0,0,0,0,0
725717,725715,2,0,2,0,2,2
731096,731096,0,0,0,0,0,0
727311,727311,0,0,0,0,0,0
729863,729863,0,0,0,0,0,0
733916,733915,1,0,1,0,1,1
737470,737470,0,0,0,0,0,0
736994,736994,0,0,0,0,0,0
737396,737396,0,0,0,0,0,0
732074,732074,0,0,0,0,0,0
734206,734205,1,0,1,0,1,1
735121,735120,1,0,1,0,1,1
733882,733881,1,0,1,0,1,1
726909,726909,0,0,0,0,0,0
729639,729639,0,0,0,0,0,0
729687,729687,0,0,0,0,0,0
732368,732366,2,0,2,0,2,2
733357,733356,1,0,1,0,1,1
728323,728322,1,0,1,0,1,1
728366,728366,0,0,0,0,0,0
729187,729186,1,0,0,1,1,1
725931,725929,2,0,2,0,1,1
728358,728357,1,0,1,0,1,1
728415,728415,0,0,0,0,0,0
735910,735910,0,0,0,0,0,0
729436,729436,0,0,0,0,0,0
727430,727428,2,0,2,0,2,2
725481,725481,0,0,0,0,0,0
740653,740653,0,0,0,0,0,0
735126,735125,1,1,0,0,0,1
737255,737254,1,0,1,0,1,1
735750,735749,1,0,1,0,1,1
741195,741194,1,0,1,0,1,1
736994,736994,0,0,0,0,0,0
740333,740333,0,0,0,0,0,0
740996,740994,2,0,2,0,2,2
735174,735174,0,0,0,0,0,0
738457,738457,0,0,0,0,0,0
743478,743477,1,0,1,0,1,1
743549,743549,0,0,0,0,0,0
741314,741313,1,0,1,0,1,1
739481,739481,0,0,0,0,0,0
740239,740239,0,0,0,0,0,0
739434,739434,0,0,0,0,0,0
731798,731796,2,0,2,0,2,2
733980,733980,0,0,0,0,0,0
740203,740202,1,0,1,0,1,1
740511,740509,2,0,2,0,1,1
734850,734849,1,0,1,0,1,1
738250,738249,1,0,1,0,1,1
741562,741562,0,0,0,0,0,0
747908,747908,0,0,0,0,0,0
749090,749089,1,0,1,0,1,1
746437,746436,1,0,1,0,1,1
749300,749300,0,0,0,0,0,0
753570,753569,1,0,1,0,1,1
747068,747068,0,0,0,0,0,0
740897,740897,0,0,0,0,0,0
742438,742438,0,0,0,0,0,0
745299,745299,0,0,0,0,0,0
748148,748147,1,0,1,0,1,1
749702,749702,0,0,0,0,0,0
751309,751308,1,0,1,0,1,1
756353,756353,0,0,0,0,0,0
759029,759029,0,0,0,0,0,0
757752,757752,0,0,0,0,0,0
762269,762269,0,0,0,0,0,0
755608,755608,0,0,0,0,0,0
752236,752236,0,0,0,0,0,0
750657,750657,0,0,0,0,0,0
757351,757351,0,0,0,0,0,0
755425,755425,0,0,0,0,0,0
750057,750057,0,0,0,0,0,0
748300,748299,1,0,1,0,1,1
748930,748930,0,0,0,0,0,0
752202,752201,1,0,1,0,1,1
749272,749272,0,0,0,0,0,0
738013,738012,1,0,1,0,1,1
738261,738260,1,0,1,0,1,1
735717,735715,2,0,2,0,2,2
727559,727559,0,0,0,0,0,0
724885,724883,2,1,1,0,1,2
726821,726821,0,0,0,0,0,0
729262,729262,0,0,0,0,0,0
731456,731456,0,0,0,0,0,0
731014,731012,2,0,2,0,1,1
738173,738173,0,0,0,0,0,0
739640,739639,1,0,1,0,1,1
733762,733761,1,0,1,0,1,1
731645,731645,0,0,0,0,0,0
730754,730753,1,0,1,0,1,1
733601,733599,2,0,2,0,1,1
723232,723231,1,0,1,0,1,1
729303,729301,2,0,2,0,2,2
739684,739684,0,0,0,0,0,0
749206,749204,2,0,2,0,2,2
757049,757048,1,0,1,0,1,1
765240,765239,1,0,1,0,1,1
767417,767417,0,0,0,0,0,0
766663,766662,1,0,1,0,1,1
768503,768503,0,0,0,0,0,0
771078,771078,0,0,0,0,0,0
767881,767879,2,0,2,0,2,2
763910,763909,1,0,1,0,1,1
765578,765578,0,0,0,0,0,0
767375,767374,1,0,0,1,1,1
769205,769204,1,0,1,0,1,1
771301,771300,1,0,1,0,1,1
771107,771107,0,0,0,0,0,0
766480,766480,0,0,0,0,0,0
767128,767128,0,0,0,0,0,0
765831,765828,3,0,3,0,2,2
766780,766777,3,0,3,0,1,1
755399,755398,1,0,1,0,1,1
752126,752126,0,0,0,0,0,0
751837,751836,1,0,1,0,1,1
757262,757262,0,0,0,0,0,0
756671,756671,0,0,0,0,0,0
754065,754063,2,0,2,0,2,2
751528,751527,1,0,1,0,1,1
749675,749672,3,0,3,0,3,3
746591,746589,2,0,2,0,2,2
741596,741595,1,0,1,0,1,1
747587,747585,2,0,2,0,1,1
741310,741310,0,0,0,0,0,0
739905,739905,0,0,0,0,0,0
744770,744768,2,0,2,0,2,2
743223,743223,0,0,0,0,0,0
732682,732679,3,0,3,0,3,3
733714,733711,3,0,3,0,1,2
741096,741094,2,0,2,0,2,2
742836,742836,0,0,0,0,0,0
735768,735766,2,0,2,0,2,2
727705,727705,0,0,0,0,0,0
720692,720691,1,0,0,1,1,1
715959,715959,0,0,0,0,0,0
707042,707041,1,0,1,0,1,1
692225,692225,0,0,0,0,0,0
682018,682017,1,0,1,0,1,1
685226,685224,2,0,2,0,2,2
675552,675552,0,0,0,0,0,0
684189,684186,3,0,3,0,2,2
691853,691851,2,0,2,0,2,2
693150,693146,4,0,3,1,4,4
693328,693326,2,0,2,0,2,2
686842,686842,0,0,0,0,0,0
684842,684842,0,0,0,0,0,0
687618,687618,0,0,0,0,0,0
679060,679058,2,0,2,0,2,2
683845,683845,0,0,0,0,0,0
684325,684324,1,0,1,0,1,1
677210,677210,0,0,0,0,0,0
671194,671194,0,0,0,0,0,0
673649,673649,0,0,0,0,0,0
669843,669843,0,0,0,0,0,0
664976,664976,0,0,0,0,0,0
670315,670315,0,0,0,0,0,0
679568,679568,0,0,0,0,0,0
677922,677921,1,0,1,0,1,1
678596,678595,1,0,1,0,1,1
680217,680216,1,0,1,0,1,1
672523,672523,0,0,0,0,0,0
663338,663336,2,0,2,0,1,1
669815,669815,0,0,0,0,0,0
670295,670295,0,0,0,0,0,0
672679,672679,0,0,0,0,0,0
673040,673040,0,0,0,0,0,0
676361,676358,3,0,2,1,2,2
674961,674960,1,0,1,0,1,1
664766,664765,1,0,1,0,1,1
666936,666936,0,0,0,0,0,0
683041,683040,1,0,1,0,1,1
695112,695107,5,0,5,0,2,3
704612,704610,2,0,2,0,2,2
703143,703141,2,0,1,1,2,2
711650,711649,1,0,1,0,1,1
728183,728183,0,0,0,0,0,0
749899,749898,1,0,1,0,1,1
765372,765370,2,0,2,0,2,2
764943,764936,7,0,7,0,4,4
783719,783716,3,0,3,0,2,2
793117,793114,3,0,3,0,3,3
803589,803585,4,0,4,0,2,3
811457,811456,1,0,1,0,1,1
815326,815323,3,0,3,0,2,2
816271,816267,4,0,4,0,4,4
829820,829817,3,0,3,0,3,3
836404,836401,3,0,2,1,3,3
848720,848718,2,0,2,0,2,2
850551,850550,1,0,1,0,1,1
859505,859498,7,0,6,1,6,6
876088,876081,7,0,7,0,4,5
894998,894994,4,0,4,0,3,4
904391,904389,2,0,2,0,1,1
920678,920673,5,0,5,0,5,5
938075,938064,11,0,11,0,6,7
952850,952848,2,0,2,0,2,2
960429,960422,7,0,7,0,4,5
973934,973929,5,0,5,0,4,4
996253,996245,8,0,8,0,5,7
1031479,1031475,4,0,4,0,3,4
1042136,1042134,2,0,2,0,2,2
1042146,1042144,2,0,2,0,1,1
1052791,1052788,3,0,3,0,3,3
1069282,1069278,4,0,4,0,4,4
1074211,1074208,3,0,3,0,2,2
1082573,1082572,1,0,1,0,1,1
1090247,1090244,3,0,3,0,3,3
1113003,1113003,0,0,0,0,0,0
1115231,1115221,10,0,8,2,9,9
1108911,1108905,6,0,6,0,5,6
1095737,1095730,7,0,7,0,3,5
1087827,1087821,6,0,6,0,4,4
1098233,1098231,2,0,2,0,2,2
1079292,1079288,4,0,4,0,3,4
1070712,1070708,4,0,4,0,1,3
1049420,1049407,13,0,12,1,6,7
1031142,1031137,5,0,4,1,5,5
1025038,1025030,8,0,7,1,6,7
995305,995301,4,0,4,0,3,3
979312,979303,9,0,8,1,7,7
965831,965827,4,0,4,0,3,3
953373,953370,3,0,3,0,3,3
1449320,1449307,13,0,12,1,8,9
1440277,1440264,13,0,13,0,9,10
1429728,1429717,11,0,9,2,6,8
1452196,1452189,7,0,7,0,5,6
1464225,1464219,6,0,6,0,5,6
1441646,1441625,21,0,21,0,9,11
1438749,1438730,19,0,19,0,9,12
1425897,1425875,22,0,22,0,10,14
1428290,1428273,17,0,17,0,11,14
1441668,1441653,15,0,15,0,8,10
1437893,1437870,23,3,19,1,8,15
1439280,1439261,19,0,19,0,12,16
1433814,1433792,22,0,21,1,10,14
1445916,1445901,15,0,15,0,8,9
1431105,1431088,17,0,16,1,11,13
1444311,1444293,18,0,18,0,12,16
1446817,1446802,15,3,11,1,7,12
1448249,1448234,15,0,15,0,7,11
1445857,1445841,16,1,15,0,8,13
1453003,1452989,14,0,14,0,9,11
1453907,1453875,32,0,32,0,13,23
1452946,1452879,67,0,65,2,18,32
1452929,1452861,68,0,66,2,16,32
1456525,1456491,34,0,34,0,12,21
1456659,1456632,27,0,26,1,12,20
1455337,1455304,33,0,30,3,11,19
