"POSITION","REF_CODON","CODON","REF_AA","AA","FWD_CNT","FWD_DENOM","REV_CNT","REV_DENOM","CNT","DENOM","std.bias","id"
36,"AAC","ACC","N","T",14,102404,0,93105,14,195509,5.23054327915153,551
95,"CCA","TGT","P","C",7,34147,0,45442,7,79589,4.16765069185308,1876
126,"TTT","GGA","F","G",0,45202,8,33070,8,78272,4.40103156346194,2540
127,"TCC","TCT","S","S",12,45253,0,32905,12,78158,4.5047345616093,2561
146,"GTG","CTA","V","L",7,39380,0,41309,7,80689,4.17297642775998,2855
148,"ATG","ACC","M","T",0,38239,9,41301,9,79540,4.46235954775425,2879
157,"GCA","AGC","A","S",8,34544,0,41839,8,76383,4.40282873221954,3042
166,"GAA","TCC","E","S",0,33740,12,41431,12,75171,4.72767736094493,3225
192,"CAA","GTG","Q","V",0,34426,8,36639,8,71065,4.28404930872819,3605
194,"TGT","TAT","C","Y",0,34207,7,36902,7,71109,4.02595644812131,3630
198,"AAC","GAG","N","E",9,33669,0,37264,9,70933,4.61330621809155,3704
290,"GAA","GGA","E","G",0,36033,9,31477,9,67510,4.61276656070032,5025
364,"CTC","CAT","L","H",0,40012,11,40537,11,80549,4.9506934484359,6058
372,"GTG","ATG","V","M",0,40861,8,38782,8,79643,4.40550778548324,6170
377,"AAG","GGG","K","G",7,40964,0,37618,7,78582,4.01185383095586,6252
420,"AAA","AAG","K","K",0,39242,8,37537,8,76779,4.40567737977774,6651
477,"CTA","TTA","L","L",0,35614,7,36913,7,72527,4.10414107962954,7177
526,"AGT","CAC","S","H",7,37106,0,37303,7,74409,4.17421180596038,7681
590,"AGC","TTT","S","F",12,117339,0,81717,12,199056,4.41815526515936,8657
