"POSITION","REF_CODON","CODON","REF_AA","AA","FWD_CNT","FWD_DENOM","REV_CNT","REV_DENOM","CNT","DENOM","std.bias","id"
35,"GGG","GAC","G","D",0,617518,7,448593,7,1066111,4.1670943273958,615
36,"AAC","ACC","N","T",190,558540,0,462656,190,1021196,10.1287554245588,635
63,"TTA","GTA","L","V",1,86344,116,546258,117,632602,4.46028823522756,1343
193,"ATA","TTA","I","L",9,161572,0,166930,9,328502,4.61449158151582,4325
215,"CTA","CGA","L","R",0,184868,174,148655,174,333523,10.3295930116963,4797
244,"CTT","ACC","L","T",9,182489,0,176670,9,359159,4.55071019063907,5315
287,"AAG","ATG","K","M",0,173857,10,171403,10,345260,4.80378936223162,6194
293,"GCT","GGA","A","G",15,172727,1,164067,16,336794,4.07351534524043,6273
316,"GAG","GCG","E","A",0,170907,7,157833,7,328740,4.17212211221554,6767
323,"CAA","TAA","Q",".",8,177801,0,157268,8,335069,4.16482778528681,6920
373,"TTC","TAC","F","Y",0,194494,7,187371,7,381865,4.17328240977414,7804
511,"AGG","CGG","R","R",219,171723,1,172921,220,344644,9.40104202506185,9617
