"POSITION","REF_CODON","CODON","REF_AA","AA","FWD_CNT","FWD_DENOM","REV_CNT","REV_DENOM","CNT","DENOM","std.bias","id"
36,"AAC","ACC","N","T",65,200659,5,192636,70,393295,4.72416028387016,590
63,"TTA","GTA","L","V",0,35892,73,209274,73,245166,5.0882299977499,1225
125,"GGA","GTA","G","V",10,90945,0,65007,10,155952,4.14025236510762,2697
153,"GTG","ACC","V","T",7,72132,0,81240,7,153372,4.17112145679493,3175
184,"GCA","GTA","A","V",0,70123,7,73248,7,143371,4.08923731163946,3757
187,"TCC","GAT","S","D",7,68567,0,70761,7,139328,4.17343816757955,3793
190,"ACT","TAC","T","Y",8,68710,0,73302,8,142012,4.40523544392104,3835
203,"TCA","AGG","S","R",8,72888,0,74870,8,147758,4.40607815163461,4081
207,"CAA","CGA","Q","R",0,74805,9,74077,9,148882,4.61492675387336,4168
215,"CTA","CGA","L","R",0,78809,31,66092,31,144901,6.93215736447938,4304
220,"AAG","ACC","K","T",11,86471,0,64996,11,151467,4.41109657670124,4386
294,"GTC","GTA","V","V",3,73683,37,66344,40,140027,4.5115188180974,5587
306,"AAA","TGT","K","C",7,72934,0,68581,7,141515,4.05422977611311,5776
315,"CAC","GTG","H","V",7,70679,0,66414,7,137093,4.05170637163778,5966
329,"AGT","ATG","S","M",8,81971,0,68034,8,150005,4.03898568096442,6196
331,"ATC","GTC","I","V",0,82514,9,70338,9,152852,4.61240786300209,6221
368,"GAA","AAA","E","K",0,84573,9,83736,9,168309,4.6149186476671,6746
407,"TCG","TCT","S","S",8,80920,0,79461,8,160381,4.37127792287349,7202
454,"GAT","GAC","D","D",1,72044,16,83572,17,155616,4.00199623867758,7753
481,"GGC","AGC","G","S",7,72410,0,74133,7,146543,4.17367781336243,8014
503,"GTG","GCG","V","A",8,68043,0,78951,8,146994,4.40357395312129,8283
510,"GCA","TGT","A","C",9,67617,0,74926,9,142543,4.61327963584181,8360
511,"AGG","CGG","R","R",76,67087,0,75844,76,142931,8.68774250011272,8367
