coverage,wt.counts,mut.count,s.count,ns.count,stp.count,aa.sampled,codons.sampled
234016,233786,230,0,230,0,15,15
233895,233838,57,51,6,0,1,2
232119,231912,207,0,207,0,14,14
230247,229584,663,36,627,0,18,19
235295,235239,56,0,56,0,4,4
231704,231362,342,0,342,0,13,13
229557,229091,466,0,466,0,13,13
228583,228169,414,0,414,0,17,17
226552,226457,95,60,35,0,2,3
230064,229962,102,0,102,0,10,10
229467,229413,54,0,54,0,4,4
165828,165790,38,22,16,0,2,3
165643,165643,0,0,0,0,0,0
168684,168684,0,0,0,0,0,0
172750,172727,23,0,23,0,2,2
178375,178079,296,0,296,0,18,18
179781,179433,348,0,348,0,17,17
184227,183604,623,0,623,0,19,19
184554,184456,98,0,98,0,2,2
190462,190256,206,51,155,0,11,12
190421,189917,504,0,504,0,19,19
190641,190477,164,0,164,0,11,11
187740,187215,525,0,525,0,17,17
192069,192020,49,0,49,0,3,3
193930,193683,247,36,211,0,12,13
194562,194303,259,0,259,0,6,6
197388,196706,682,0,682,0,17,17
197612,197199,413,0,413,0,15,15
201531,200963,568,0,568,0,18,18
204438,203884,554,0,554,0,17,17
206760,206363,397,0,397,0,13,13
212561,212335,226,0,226,0,8,8
215179,215175,4,0,4,0,2,2
217212,216860,352,0,352,0,16,16
222248,221984,264,0,264,0,10,10
222891,222807,84,0,84,0,3,3
223989,223218,771,0,771,0,18,18
228971,228964,7,0,7,0,1,1
230687,230501,186,54,132,0,2,3
231137,230871,266,35,231,0,6,7
231580,230862,718,0,718,0,18,18
233001,232834,167,33,134,0,4,5
231345,231142,203,0,203,0,5,5
229057,228863,194,0,194,0,12,12
229438,229028,410,41,369,0,12,13
225871,225356,515,0,515,0,18,18
219433,218869,564,0,564,0,19,19
219227,219004,223,0,223,0,6,6
220114,219651,463,50,413,0,14,15
223370,222591,779,0,779,0,18,18
223452,223357,95,0,95,0,2,2
223761,223681,80,0,80,0,5,5
224555,224096,459,0,459,0,18,18
221323,220597,726,0,726,0,18,18
216604,216389,215,0,215,0,8,8
218302,218009,293,0,293,0,10,10
222657,222605,52,0,52,0,3,3
225159,224835,324,52,272,0,8,9
228300,227815,485,0,485,0,15,15
230229,229840,389,0,389,0,14,14
231564,231072,492,0,492,0,17,17
236257,235543,714,0,714,0,19,19
235798,235081,717,0,717,0,18,18
238820,238388,432,46,386,0,13,14
242988,242223,765,0,765,0,19,19
243449,242928,521,57,464,0,18,19
249181,248398,783,0,783,0,18,18
251615,251375,240,0,240,0,10,10
253426,253398,28,0,28,0,3,3
255475,255297,178,0,178,0,7,7
255843,255637,206,0,206,0,12,12
254040,253879,161,0,161,0,3,3
255138,254769,369,67,302,0,9,10
255956,255885,71,51,20,0,1,2
255741,255590,151,0,151,0,7,7
254184,254142,42,0,42,0,2,2
256589,256586,3,0,3,0,1,1
261024,260794,230,0,230,0,7,7
260659,260501,158,37,121,0,4,5
261309,261281,28,0,28,0,4,4
263971,263971,0,0,0,0,0,0
262167,261890,277,31,246,0,9,10
262917,262829,88,0,88,0,1,1
263596,263586,10,0,10,0,2,2
261511,261511,0,0,0,0,0,0
258033,257912,121,0,121,0,5,5
258462,258154,308,55,253,0,6,7
258682,258512,170,0,170,0,4,4
256631,256502,129,0,129,0,4,4
256268,256141,127,0,127,0,5,5
257952,257574,378,0,378,0,10,10
259321,259205,116,0,116,0,4,4
258810,258584,226,0,226,0,6,6
263261,263012,249,0,249,0,7,7
262369,262188,181,0,181,0,5,5
254624,254557,67,0,67,0,4,4
255773,255578,195,0,195,0,7,7
254220,254098,122,50,72,0,4,5
251814,251738,76,0,76,0,4,4
253781,253781,0,0,0,0,0,0
259870,259833,37,0,37,0,2,2
261840,261791,49,0,49,0,5,5
259558,259553,5,0,5,0,2,2
261729,261729,0,0,0,0,0,0
261765,261730,35,0,35,0,4,4
258799,258799,0,0,0,0,0,0
264461,264296,165,0,165,0,5,5
266538,266538,0,0,0,0,0,0
265918,265264,654,0,654,0,13,13
264796,264731,65,0,65,0,8,8
267129,266169,960,0,960,0,19,19
268967,267822,1145,0,1145,0,19,19
267087,266750,337,0,337,0,13,13
267535,267023,512,0,512,0,16,16
276105,275803,302,75,227,0,15,16
276665,276488,177,0,177,0,6,6
277666,277666,0,0,0,0,0,0
278686,278672,14,0,14,0,1,1
284305,284148,157,97,60,0,3,4
286171,286094,77,66,11,0,2,3
286924,286696,228,0,228,0,14,14
289631,289631,0,0,0,0,0,0
290405,290227,178,0,178,0,10,10
287032,287025,7,0,7,0,1,1
290602,290596,6,0,6,0,1,1
287844,287844,0,0,0,0,0,0
291600,291600,0,0,0,0,0,0
286673,286333,340,0,340,0,12,12
292654,292654,0,0,0,0,0,0
291355,291206,149,0,149,0,6,6
297537,297537,0,0,0,0,0,0
300524,300516,8,0,8,0,2,2
299000,298852,148,0,148,0,9,9
302559,302504,55,0,55,0,2,2
299746,299659,87,0,87,0,4,4
299418,299384,34,0,34,0,2,2
300539,300489,50,0,50,0,2,2
304716,304601,115,77,38,0,3,4
307395,307392,3,0,3,0,1,1
302470,302297,173,42,131,0,6,7
307062,306473,589,59,530,0,17,18
310073,309813,260,0,260,0,11,11
311309,311016,293,0,293,0,6,6
311362,311081,281,0,281,0,15,15
313581,313563,18,0,18,0,1,1
313576,313343,233,0,233,0,15,15
308769,308668,101,0,101,0,9,9
312364,312364,0,0,0,0,0,0
314687,314686,1,0,1,0,1,1
312843,312812,31,0,31,0,1,1
311005,311005,0,0,0,0,0,0
311505,311444,61,0,61,0,3,3
310524,310429,95,62,33,0,2,3
308380,308380,0,0,0,0,0,0
311316,311225,91,0,91,0,3,3
307165,307156,9,0,9,0,2,2
309380,309276,104,0,104,0,6,6
304623,304280,343,179,164,0,5,6
302184,302157,27,0,27,0,5,5
302938,302796,142,0,142,0,3,3
304747,304722,25,0,25,0,2,2
305390,305266,124,40,84,0,5,6
305606,305606,0,0,0,0,0,0
305926,305794,132,109,23,0,1,2
302755,302721,34,0,34,0,1,1
299620,299585,35,0,35,0,1,1
301837,301434,403,0,403,0,17,17
300910,300907,3,0,3,0,1,1
303287,303267,20,0,20,0,2,2
298272,297616,656,0,656,0,19,19
303454,302716,738,0,738,0,17,17
302540,302427,113,0,113,0,3,3
305335,304719,616,108,508,0,15,16
306277,305957,320,0,320,0,7,7
305263,305088,175,0,175,0,15,15
304778,303983,795,0,795,0,16,16
302841,302115,726,0,726,0,18,18
301448,300572,876,0,876,0,19,19
299638,299413,225,0,225,0,8,8
299429,298523,906,0,906,0,19,19
304162,304082,80,0,80,0,4,4
305993,304760,1233,96,1137,0,18,19
301522,301375,147,0,147,0,13,13
295659,295579,80,0,80,0,5,5
293759,293434,325,0,325,0,15,15
298066,297930,136,0,136,0,11,11
296698,296569,129,121,8,0,2,3
291172,290953,219,0,219,0,12,12
298224,298147,77,0,77,0,8,8
297459,296647,812,0,812,0,19,19
298688,298359,329,0,329,0,14,14
294873,294703,170,0,170,0,13,13
298079,297619,460,0,460,0,15,15
301145,301142,3,0,3,0,1,1
300045,299927,118,116,2,0,1,2
299246,299242,4,0,4,0,1,1
302000,301823,177,59,118,0,3,4
306482,306296,186,0,186,0,5,5
306382,306118,264,130,134,0,5,6
309234,308990,244,74,170,0,5,6
309278,309081,197,0,197,0,12,12
308361,308149,212,77,135,0,5,6
308204,307385,819,0,819,0,18,18
307025,306881,144,115,29,0,2,3
306889,306838,51,0,51,0,5,5
305355,304955,400,0,400,0,14,14
307424,307401,23,0,23,0,2,2
307523,307421,102,0,102,0,2,2
305019,304979,40,40,0,0,0,1
304924,304923,1,0,1,0,1,1
304182,304136,46,0,46,0,2,2
296121,296008,113,113,0,0,0,1
298526,298454,72,0,72,0,7,7
297894,297874,20,0,20,0,4,4
294107,293888,219,52,167,0,5,6
294084,293809,275,0,275,0,16,16
292191,291836,355,0,355,0,15,15
289653,289509,144,0,144,0,10,10
284972,284327,645,0,645,0,19,19
284933,284461,472,0,472,0,16,16
289067,288608,459,0,459,0,19,19
288328,288065,263,0,263,0,12,12
286664,286157,507,0,507,0,12,12
284501,284309,192,0,192,0,13,13
284980,284935,45,0,45,0,3,3
280972,280891,81,0,81,0,8,8
284504,284450,54,54,0,0,0,1
285913,285890,23,0,23,0,3,3
285323,285307,16,0,16,0,3,3
284893,284885,8,0,8,0,2,2
285368,285349,19,0,19,0,2,2
284912,284702,210,44,166,0,10,11
286288,286244,44,0,44,0,6,6
290943,290904,39,0,39,0,2,2
292384,292379,5,0,5,0,2,2
294329,294256,73,0,73,0,9,9
295573,295554,19,0,19,0,2,2
292275,292188,87,0,87,0,3,3
292628,292594,34,0,34,0,2,2
295083,295083,0,0,0,0,0,0
293758,293758,0,0,0,0,0,0
293498,293498,0,0,0,0,0,0
295725,295248,477,0,477,0,17,17
293282,293282,0,0,0,0,0,0
295341,294887,454,0,454,0,16,16
295313,295121,192,0,192,0,12,12
293225,293188,37,0,37,0,3,3
295101,295101,0,0,0,0,0,0
292338,292312,26,0,26,0,2,2
290286,290203,83,50,33,0,2,3
290063,289847,216,0,216,0,12,12
293759,293739,20,20,0,0,0,1
296096,296031,65,0,65,0,4,4
299215,299215,0,0,0,0,0,0
303763,303307,456,0,456,0,16,16
305205,305193,12,0,12,0,1,1
301908,301896,12,0,12,0,1,1
298931,298826,105,0,105,0,9,9
300836,300783,53,52,1,0,1,2
302228,302154,74,0,74,0,5,5
305064,304960,104,94,10,0,2,3
312944,312921,23,0,23,0,2,2
311902,311902,0,0,0,0,0,0
314264,314259,5,0,5,0,2,2
312198,312198,0,0,0,0,0,0
311210,311210,0,0,0,0,0,0
310334,310334,0,0,0,0,0,0
313167,313112,55,29,26,0,1,2
315528,315492,36,0,36,0,2,2
317204,317204,0,0,0,0,0,0
320340,320338,2,0,2,0,1,1
326547,326540,7,0,7,0,2,2
327356,327356,0,0,0,0,0,0
330176,330176,0,0,0,0,0,0
332245,332149,96,0,96,0,2,2
329325,329271,54,54,0,0,0,1
330012,329983,29,0,29,0,3,3
328852,328626,226,72,154,0,5,6
324511,324375,136,0,136,0,6,6
324019,324019,0,0,0,0,0,0
323132,323087,45,0,45,0,2,2
325450,325449,1,0,1,0,1,1
324882,324770,112,71,41,0,2,3
321801,321801,0,0,0,0,0,0
326147,326128,19,0,19,0,2,2
322965,322962,3,0,3,0,1,1
323710,323710,0,0,0,0,0,0
320379,320379,0,0,0,0,0,0
319899,319899,0,0,0,0,0,0
307418,307415,3,0,3,0,1,1
313907,313907,0,0,0,0,0,0
310658,310655,3,0,3,0,2,2
308361,308359,2,0,2,0,1,1
308131,308131,0,0,0,0,0,0
309331,309331,0,0,0,0,0,0
313852,313720,132,44,88,0,1,2
314666,314665,1,0,1,0,1,1
315697,315596,101,0,101,0,11,11
316298,316241,57,37,20,0,2,3
319344,319195,149,47,102,0,5,6
317279,317131,148,0,148,0,11,11
317674,317490,184,0,184,0,13,13
318059,318059,0,0,0,0,0,0
314857,314857,0,0,0,0,0,0
316910,316707,203,0,203,0,8,8
312997,312857,140,0,140,0,6,6
312104,311568,536,0,536,0,18,18
308050,308049,1,0,1,0,1,1
309651,309651,0,0,0,0,0,0
305561,305078,483,0,483,0,16,16
301666,301554,112,0,112,0,3,3
305575,305049,526,0,526,0,17,17
301397,301200,197,0,197,0,11,11
299877,299665,212,0,212,0,12,12
299288,298902,386,0,386,0,17,17
297132,296263,869,111,758,0,19,20
293462,293338,124,62,62,0,4,5
294127,293523,604,0,604,0,18,18
295521,294628,893,0,893,0,19,19
292624,292217,407,0,407,0,15,15
298896,298857,39,0,39,0,6,6
307984,307890,94,0,94,0,4,4
309828,309761,67,0,67,0,7,7
310433,310047,386,0,386,0,17,17
313503,313442,61,0,61,0,3,3
310386,310232,154,0,154,0,8,8
313456,313003,453,0,453,0,15,15
314921,314833,88,0,88,0,10,10
315788,314679,1109,132,977,0,19,20
315322,314989,333,0,333,0,17,17
315071,315026,45,0,45,0,1,1
312664,312587,77,0,77,0,4,4
310841,310519,322,41,281,0,5,6
312097,311836,261,0,261,0,15,15
311060,311023,37,0,37,0,7,7
314112,314063,49,48,1,0,1,2
314739,314698,41,0,41,0,5,5
313613,313593,20,0,20,0,1,1
308326,308185,141,0,141,0,8,8
306048,305222,826,0,826,0,19,19
301461,301355,106,0,106,0,7,7
299255,299255,0,0,0,0,0,0
303392,302827,565,0,565,0,18,18
307707,307687,20,0,20,0,1,1
302896,301979,917,0,917,0,18,18
302312,302216,96,0,96,0,10,10
306682,306498,184,0,184,0,10,10
304718,304718,0,0,0,0,0,0
304215,304172,43,0,43,0,3,3
307357,307251,106,0,106,0,4,4
305378,305298,80,68,12,0,2,3
305443,304926,517,39,478,0,16,17
303447,302915,532,81,451,0,16,17
304362,303958,404,0,404,0,16,16
300759,300758,1,0,1,0,1,1
302876,302625,251,0,251,0,18,18
297933,297866,67,67,0,0,0,1
295830,295671,159,82,77,0,6,7
288823,288448,375,0,375,0,15,15
288539,288208,331,0,331,0,16,16
280251,279907,344,0,344,0,14,14
275591,275585,6,0,6,0,1,1
280392,280195,197,0,197,0,15,15
278027,277809,218,0,218,0,14,14
279476,279399,77,0,77,0,8,8
276166,276101,65,0,65,0,3,3
279811,279806,5,0,5,0,2,2
280674,280390,284,59,225,0,10,11
280272,280268,4,0,4,0,2,2
279746,279745,1,0,1,0,1,1
276393,276122,271,0,271,0,13,13
278314,278314,0,0,0,0,0,0
283334,283333,1,0,1,0,1,1
283830,283623,207,0,207,0,10,10
286367,285816,551,0,551,0,19,19
289401,288875,526,0,526,0,18,18
291030,290053,977,0,977,0,19,19
292440,292206,234,0,234,0,9,9
298954,298949,5,0,5,0,1,1
302052,301782,270,0,270,0,18,18
302343,302294,49,0,49,0,4,4
302280,302235,45,0,45,0,2,2
298607,297767,840,69,771,0,18,19
299469,299392,77,0,77,0,7,7
300805,300805,0,0,0,0,0,0
300410,300272,138,0,138,0,5,5
304649,304623,26,0,26,0,5,5
307277,307175,102,0,102,0,8,8
304872,304872,0,0,0,0,0,0
302246,302133,113,0,113,0,9,9
301682,301438,244,0,244,0,10,10
305518,305269,249,0,249,0,13,13
300569,300476,93,92,1,0,1,2
303095,302770,325,0,325,0,11,11
303752,303611,141,0,141,0,10,10
308763,308698,65,45,20,0,2,3
310542,310304,238,0,238,0,12,12
314897,314878,19,0,19,0,3,3
317633,317257,376,98,278,0,15,16
319790,319430,360,0,360,0,10,10
322388,321898,490,0,490,0,18,18
320656,320591,65,0,65,0,10,10
320023,319883,140,0,140,0,3,3
318492,318125,367,0,367,0,18,18
323096,322993,103,34,69,0,2,3
322158,321799,359,0,359,0,16,16
320990,320821,169,0,169,0,14,14
322553,322514,39,0,39,0,3,3
326677,326614,63,0,63,0,3,3
324708,324708,0,0,0,0,0,0
324319,324319,0,0,0,0,0,0
315990,315925,65,0,65,0,6,6
312792,312298,494,0,494,0,18,18
310563,310563,0,0,0,0,0,0
302703,302638,65,55,10,0,2,3
304817,304629,188,0,188,0,8,8
307837,307718,119,0,119,0,8,8
306617,306488,129,42,87,0,3,4
304678,304659,19,0,19,0,3,3
305523,305405,118,15,103,0,4,5
304594,304232,362,0,362,0,15,15
302410,302390,20,0,20,0,2,2
304297,304233,64,64,0,0,0,1
305338,305338,0,0,0,0,0,0
308218,308218,0,0,0,0,0,0
308768,308734,34,0,34,0,2,2
310193,310193,0,0,0,0,0,0
309425,309418,7,0,7,0,1,1
304754,304672,82,0,82,0,5,5
306701,306540,161,0,161,0,12,12
310619,310296,323,69,254,0,12,13
309171,309156,15,0,15,0,2,2
301841,301722,119,0,119,0,5,5
299821,299713,108,0,108,0,8,8
304092,304091,1,0,1,0,1,1
298486,298392,94,52,42,0,5,6
293675,293656,19,0,19,0,2,2
302045,301989,56,0,56,0,2,2
304508,304365,143,53,90,0,3,4
303526,303361,165,45,120,0,10,11
299799,299594,205,0,205,0,14,14
304230,304165,65,0,65,0,7,7
303195,302934,261,0,261,0,14,14
304182,304032,150,0,150,0,7,7
312834,312778,56,0,56,0,6,6
315871,315638,233,79,154,0,5,6
313525,313213,312,0,312,0,16,16
318758,318470,288,0,288,0,15,15
314799,314730,69,51,18,0,3,4
318742,318632,110,0,110,0,6,6
322597,322268,329,0,329,0,16,16
329109,329015,94,0,94,0,6,6
328053,327894,159,0,159,0,2,2
334452,334424,28,0,28,0,5,5
330657,330596,61,0,61,0,4,4
330044,330017,27,0,27,0,2,2
330701,330701,0,0,0,0,0,0
330902,330827,75,12,63,0,3,4
331875,331696,179,0,179,0,11,11
328761,328629,132,32,100,0,4,5
329435,329435,0,0,0,0,0,0
330528,330506,22,0,22,0,6,6
332496,332434,62,0,62,0,4,4
336276,336274,2,0,2,0,1,1
335876,335870,6,0,6,0,1,1
334840,334785,55,0,55,0,3,3
332012,332009,3,0,3,0,1,1
332663,332660,3,0,3,0,1,1
329590,329590,0,0,0,0,0,0
329816,329709,107,85,22,0,1,2
334480,334205,275,86,189,0,10,11
332419,331958,461,43,418,0,11,12
327694,326191,1503,0,1503,0,19,19
328747,328487,260,0,260,0,12,12
334301,334181,120,0,120,0,8,8
332466,332373,93,0,93,0,3,3
332644,331688,956,0,956,0,18,18
333279,332557,722,0,722,0,18,18
333992,333992,0,0,0,0,0,0
330397,330180,217,0,217,0,12,12
328915,328871,44,42,2,0,1,2
332376,332260,116,88,28,0,2,3
333998,333767,231,106,125,0,4,5
333961,333931,30,0,30,0,2,2
332156,332154,2,0,2,0,1,1
333402,333366,36,0,36,0,2,2
334537,334250,287,52,235,0,7,8
334697,334648,49,49,0,0,0,1
334557,334418,139,21,118,0,5,6
330227,330225,2,0,2,0,1,1
329062,329062,0,0,0,0,0,0
325919,325876,43,31,12,0,1,2
322862,322809,53,0,53,0,3,3
318645,318611,34,0,34,0,4,4
319825,319790,35,0,35,0,4,4
312496,312481,15,15,0,0,0,1
309878,309809,69,0,69,0,8,8
309642,309536,106,0,106,0,8,8
306452,306448,4,0,4,0,1,1
307241,307241,0,0,0,0,0,0
313872,313640,232,0,232,0,14,14
314527,314406,121,58,63,0,1,2
311403,311383,20,0,20,0,2,2
309510,309243,267,0,267,0,9,9
308847,308574,273,0,273,0,10,10
310145,310099,46,0,46,0,3,3
309524,309510,14,0,14,0,1,1
311191,310531,660,56,604,0,16,17
307429,307364,65,0,65,0,9,9
305320,305309,11,0,11,0,2,2
309805,309785,20,0,20,0,1,1
315046,314874,172,0,172,0,7,7
320421,320119,302,0,302,0,11,11
324829,324817,12,0,12,0,1,1
324932,324932,0,0,0,0,0,0
319295,319213,82,60,22,0,1,2
315609,315609,0,0,0,0,0,0
314389,314389,0,0,0,0,0,0
311694,311673,21,0,21,0,1,1
312272,312260,12,0,12,0,3,3
308471,308447,24,0,24,0,4,4
302224,302224,0,0,0,0,0,0
299384,299382,2,0,2,0,2,2
295339,294820,519,64,455,0,12,13
295084,295084,0,0,0,0,0,0
297260,297233,27,0,27,0,1,1
297986,297952,34,34,0,0,0,1
299059,298934,125,0,125,0,6,6
296543,296521,22,0,22,0,1,1
293647,293644,3,0,3,0,1,1
291366,291290,76,0,76,0,8,8
296521,296438,83,0,83,0,5,5
296374,296318,56,48,8,0,2,3
295113,294914,199,0,199,0,15,15
293304,293276,28,0,28,0,7,7
295424,295033,391,0,391,0,16,16
293440,293336,104,104,0,0,0,1
293266,293213,53,0,53,0,4,4
292651,292561,90,0,90,0,6,6
290259,290205,54,0,54,0,5,5
288283,288283,0,0,0,0,0,0
288033,288033,0,0,0,0,0,0
289383,289171,212,21,191,0,9,10
284842,284732,110,0,110,0,9,9
284336,284311,25,0,25,0,1,1
281430,281428,2,0,2,0,1,1
280207,280165,42,0,42,0,2,2
277427,277364,63,58,5,0,2,3
274185,274094,91,89,2,0,1,2
270834,270767,67,67,0,0,0,1
259616,259616,0,0,0,0,0,0
258936,258820,116,0,116,0,9,9
259014,258984,30,0,30,0,1,1
259697,259697,0,0,0,0,0,0
266096,265107,989,0,989,0,18,18
267080,266987,93,0,93,0,7,7
267863,267786,77,76,1,0,1,2
265185,265154,31,0,31,0,5,5
265494,264924,570,0,570,0,17,17
264042,263831,211,58,153,0,6,7
260457,260406,51,41,10,0,1,2
261435,260767,668,0,668,0,18,18
262097,262038,59,0,59,0,9,9
262315,262099,216,91,125,0,3,4
261484,261479,5,0,5,0,2,2
265951,265928,23,0,23,0,1,1
267075,266720,355,0,355,0,15,15
266346,265507,839,0,839,0,19,19
267637,267128,509,0,509,0,19,19
268249,268112,137,0,137,0,11,11
265178,265006,172,0,172,0,10,10
266309,265606,703,0,703,0,18,18
273279,273179,100,0,100,0,5,5
272965,272911,54,0,54,0,3,3
272005,271969,36,0,36,0,4,4
274947,274837,110,0,110,0,11,11
277527,277429,98,44,54,0,3,4
275697,275696,1,0,1,0,1,1
277772,277703,69,0,69,0,7,7
276047,275972,75,70,5,0,1,2
273939,273819,120,0,120,0,11,11
272760,272749,11,0,11,0,1,1
274749,274627,122,100,22,0,2,3
280062,279944,118,0,118,0,2,2
282298,282089,209,53,156,0,7,8
284412,284356,56,0,56,0,6,6
278036,277946,90,0,90,0,11,11
276467,276447,20,0,20,0,4,4
277845,277841,4,0,4,0,1,1
271390,271112,278,0,278,0,15,15
272601,272564,37,0,37,0,5,5
273178,272970,208,16,192,0,14,15
271850,271850,0,0,0,0,0,0
264575,264575,0,0,0,0,0,0
262746,262698,48,0,48,0,1,1
263950,263950,0,0,0,0,0,0
256846,256792,54,50,4,0,1,2
255272,255272,0,0,0,0,0,0
256875,256850,25,0,25,0,3,3
260663,260569,94,94,0,0,0,1
259999,259999,0,0,0,0,0,0
259911,259911,0,0,0,0,0,0
260559,260420,139,139,0,0,0,1
259921,259914,7,0,7,0,1,1
256835,256825,10,0,10,0,2,2
255889,255885,4,0,4,0,1,1
256557,256430,127,74,53,0,1,2
257457,257345,112,0,112,0,2,2
256069,256044,25,0,25,0,3,3
259637,259634,3,0,3,0,1,1
262427,262427,0,0,0,0,0,0
261270,261234,36,0,36,0,4,4
260458,260441,17,0,17,0,2,2
263161,263052,109,0,109,0,4,4
263487,263406,81,52,29,0,2,3
262834,262771,63,0,63,0,4,4
266156,266036,120,45,75,0,3,4
266177,266043,134,0,134,0,4,4
270319,270168,151,45,106,0,4,5
272996,272927,69,0,69,0,8,8
271865,271783,82,0,82,0,6,6
266105,266097,8,0,8,0,1,1
268403,268353,50,0,50,0,7,7
269449,269272,177,0,177,0,10,10
269062,268979,83,0,83,0,4,4
270304,270289,15,0,15,0,1,1
277295,277243,52,30,22,0,3,4
278593,278588,5,0,5,0,2,2
274969,274485,484,0,484,0,16,16
276309,276265,44,0,44,0,2,2
279948,279898,50,3,47,0,4,5
279592,279531,61,0,61,0,2,2
282628,282537,91,0,91,0,3,3
280055,280051,4,0,4,0,1,1
283720,283717,3,0,3,0,1,1
282428,282428,0,0,0,0,0,0
279160,279158,2,0,2,0,1,1
280560,280559,1,0,1,0,1,1
278417,278345,72,0,72,0,4,4
278314,278238,76,0,76,0,2,2
277258,277230,28,0,28,0,2,2
276339,276245,94,63,31,0,4,5
275565,275565,0,0,0,0,0,0
274034,273898,136,0,136,0,11,11
277222,276972,250,0,250,0,7,7
278195,278022,173,0,173,0,14,14
278030,277942,88,0,88,0,3,3
280250,280242,8,0,8,0,5,5
277716,277505,211,0,211,0,9,9
276860,276559,301,22,279,0,14,15
277567,277415,152,31,121,0,12,13
275980,275893,87,87,0,0,0,1
274060,274041,19,0,19,0,1,1
275445,274945,500,0,500,0,18,18
272311,272115,196,0,196,0,10,10
269949,269897,52,0,52,0,1,1
270707,270458,249,0,249,0,16,16
271330,270625,705,0,705,0,17,17
269019,269015,4,0,4,0,1,1
268391,268368,23,0,23,0,2,2
272926,272754,172,47,125,0,2,3
268433,268190,243,0,243,0,14,14
266867,266771,96,0,96,0,2,2
267254,267254,0,0,0,0,0,0
266432,266432,0,0,0,0,0,0
259723,259651,72,0,72,0,7,7
257333,257331,2,0,2,0,2,2
257511,257506,5,0,5,0,1,1
252533,252307,226,0,226,0,11,11
252996,252479,517,0,517,0,17,17
253549,253048,501,0,501,0,18,18
254860,254787,73,0,73,0,2,2
254285,254215,70,0,70,0,11,11
251342,251257,85,0,85,0,12,12
249567,249528,39,0,39,0,3,3
249319,249278,41,0,41,0,2,2
251171,251123,48,0,48,0,1,1
252313,251704,609,0,609,0,18,18
249685,249650,35,0,35,0,2,2
246832,246660,172,0,172,0,5,5
250944,250930,14,0,14,0,3,3
247848,247848,0,0,0,0,0,0
250120,250108,12,12,0,0,0,1
248131,248110,21,0,21,0,3,3
250263,250221,42,20,22,0,2,3
248372,248330,42,0,42,0,2,2
251058,251058,0,0,0,0,0,0
256674,256620,54,53,1,0,1,2
255182,255148,34,0,34,0,3,3
256374,256372,2,0,2,0,1,1
252509,252420,89,0,89,0,3,3
257736,257585,151,0,151,0,12,12
257547,257506,41,0,41,0,1,1
259180,259177,3,0,3,0,2,2
262085,261979,106,0,106,0,2,2
260990,260962,28,18,10,0,1,2
262961,262910,51,0,51,0,2,2
272070,272068,2,0,2,0,1,1
276744,276744,0,0,0,0,0,0
279891,279891,0,0,0,0,0,0
281690,281628,62,0,62,0,3,3
287568,287533,35,0,35,0,4,4
289984,289953,31,0,31,0,1,1
290749,290562,187,0,187,0,9,9
296064,296004,60,0,60,0,2,2
299541,299511,30,0,30,0,1,1
301876,301480,396,0,396,0,16,16
309296,309293,3,0,3,0,2,2
307484,307351,133,133,0,0,0,1
311392,311378,14,0,14,0,2,2
312955,312815,140,140,0,0,0,1
316560,316504,56,0,56,0,1,1
318046,318034,12,0,12,0,2,2
321199,321183,16,0,16,0,2,2
330933,330910,23,0,23,0,3,3
335675,335620,55,0,55,0,4,4
337350,337263,87,0,87,0,6,6
354081,353709,372,0,372,0,14,14
355747,355746,1,0,1,0,1,1
361334,361136,198,0,198,0,15,15
376027,375787,240,0,240,0,13,13
378429,378407,22,0,22,0,1,1
384525,384475,50,0,50,0,4,4
397328,397068,260,47,213,0,11,12
399384,399238,146,73,73,0,4,5
399180,399111,69,52,17,0,1,2
396851,396850,1,0,1,0,1,1
397831,397118,713,70,643,0,18,19
407579,407497,82,54,28,0,3,4
412838,412838,0,0,0,0,0,0
408061,408035,26,0,26,0,1,1
405917,405916,1,0,1,0,1,1
408054,407844,210,0,210,0,5,5
411509,411481,28,0,28,0,1,1
408914,408693,221,0,221,0,15,15
404753,403602,1151,0,1151,0,19,19
407665,407465,200,0,200,0,13,13
412227,412227,0,0,0,0,0,0
409547,409011,536,0,536,0,15,15
409930,409659,271,0,271,0,13,13
410965,410963,2,0,2,0,1,1
412659,412404,255,0,255,0,7,7
421562,421101,461,49,412,0,12,13
419164,418896,268,0,268,0,9,9
421203,421175,28,0,28,0,3,3
422465,422327,138,131,7,0,1,2
415364,415211,153,87,66,0,7,8
420077,420005,72,0,72,0,6,6
414959,414916,43,0,43,0,8,8
420666,420523,143,0,143,0,4,4
421021,421021,0,0,0,0,0,0
427552,427545,7,1,6,0,3,4
432825,432721,104,0,104,0,4,4
428462,428304,158,45,113,0,3,4
606959,605983,976,0,976,0,19,19
605777,605414,363,315,48,0,2,3
597196,597196,0,0,0,0,0,0
607543,607300,243,0,243,0,10,10
607985,607614,371,0,371,0,2,2
627613,627189,424,181,243,0,8,9
620172,619492,680,0,680,0,12,12
630771,630656,115,111,4,0,2,3
625699,625632,67,67,0,0,0,1
630573,630504,69,35,34,0,3,4
621285,621014,271,0,271,0,11,11
635045,635015,30,0,30,0,1,1
629182,629000,182,103,79,0,5,6
623228,623169,59,0,59,0,1,1
623507,622829,678,93,585,0,10,11
628276,628276,0,0,0,0,0,0
