coverage,wt.counts,mut.count,s.count,ns.count,stp.count,aa.sampled,codons.sampled
822279,821543,736,0,736,0,19,19
823651,822856,795,52,743,0,19,20
817606,816936,670,0,670,0,19,19
814287,813624,663,48,615,0,19,20
831149,830337,812,0,742,70,20,20
821484,820451,1033,0,1033,0,19,19
819468,818714,754,0,754,0,19,19
815175,814452,723,0,723,0,19,19
803002,802248,754,32,722,0,19,20
824794,823989,805,0,782,23,20,20
828130,827717,413,0,413,0,18,18
650197,649563,634,20,614,0,19,20
641777,641217,560,0,560,0,19,19
668148,667605,543,0,543,0,19,19
681979,681427,552,0,552,0,19,19
701053,700453,600,0,600,0,19,19
708165,707584,581,0,581,0,19,19
717352,716771,581,0,581,0,19,19
719519,718932,587,0,554,33,20,20
736215,735575,640,42,598,0,19,20
734015,733361,654,0,626,28,20,20
732222,731556,666,0,666,0,19,19
721699,721095,604,0,550,54,20,20
718173,717601,572,0,572,0,19,19
725030,724514,516,27,489,0,19,20
720529,719907,622,0,622,0,19,19
728584,727945,639,0,639,0,19,19
725943,725304,639,0,639,0,19,19
728667,728063,604,0,566,38,20,20
729537,728807,730,0,730,0,19,19
725155,724579,576,0,576,0,19,19
732752,732272,480,0,480,0,19,19
727401,726930,471,0,471,0,19,19
721707,721158,549,0,549,0,19,19
723842,723316,526,0,526,0,19,19
708699,708082,617,0,617,0,19,19
706982,706352,630,0,630,0,19,19
715313,714806,507,0,507,0,19,19
709525,708839,686,17,669,0,19,20
700029,699529,500,16,484,0,19,20
688530,687921,609,0,575,34,20,20
684443,683937,506,20,486,0,19,20
669471,669004,467,0,467,0,19,19
654729,654238,491,0,491,0,19,19
638280,637875,405,20,385,0,19,20
620341,619822,519,0,497,22,20,20
587758,587381,377,0,377,0,19,19
579691,579180,511,0,485,26,20,20
570641,569850,791,22,769,0,19,20
571006,570557,449,0,407,42,20,20
564705,564240,465,0,439,26,20,20
562268,561879,389,0,389,0,19,19
554710,554223,487,0,454,33,20,20
543608,543086,522,0,487,35,20,20
527279,526734,545,0,490,55,20,20
526493,526063,430,0,430,0,19,19
528930,528450,480,0,480,0,19,19
527662,527084,578,21,557,0,19,20
527082,526743,339,0,339,0,19,19
528322,527939,383,0,383,0,19,19
528895,528442,453,0,432,21,20,20
538585,538136,449,0,449,0,19,19
537441,536977,464,0,464,0,19,19
543530,543059,471,38,433,0,19,20
550044,549522,522,0,522,0,19,19
550489,550071,418,15,403,0,19,20
559188,558725,463,0,442,21,20,20
561728,561198,530,0,530,0,19,19
567499,566993,506,0,486,20,19,19
568685,568174,511,0,484,27,20,20
570530,570070,460,0,460,0,19,19
570737,570369,368,0,368,0,19,19
575051,574609,442,32,410,0,19,20
576785,576218,567,20,547,0,19,20
578115,577578,537,0,537,0,19,19
578076,577640,436,0,436,0,19,19
581955,581476,479,0,479,0,19,19
591695,591257,438,0,438,0,19,19
592950,592467,483,35,448,0,19,20
597710,597279,431,0,431,0,19,19
602316,601892,424,0,424,0,19,19
602878,601852,1026,33,993,0,19,20
605546,604810,736,0,736,0,19,19
607172,606423,749,0,749,0,19,19
596994,596230,764,0,764,0,19,19
598885,598150,735,0,696,39,20,20
598764,597927,837,54,783,0,19,20
598359,597571,788,0,764,24,20,20
592923,592226,697,0,697,0,19,19
593378,592685,693,0,693,0,19,19
596206,595623,583,0,583,0,19,19
600941,600170,771,0,771,0,19,19
600501,599618,883,0,883,0,19,19
607217,606354,863,0,863,0,19,19
608060,607215,845,0,845,0,19,19
598053,597353,700,0,700,0,19,19
599178,598574,604,0,604,0,19,19
599426,598848,578,38,540,0,19,20
596788,596052,736,0,736,0,19,19
601558,600887,671,0,671,0,19,19
611816,611060,756,0,756,0,19,19
617752,617003,749,0,749,0,19,19
613137,612252,885,0,853,32,20,20
618163,617454,709,0,709,0,19,19
618685,617968,717,0,717,0,19,19
615793,614974,819,0,819,0,19,19
626623,625893,730,0,730,0,19,19
630549,629762,787,0,787,0,19,19
629387,628615,772,0,737,35,20,20
628995,628269,726,0,726,0,19,19
635501,634700,801,0,801,0,19,19
638667,637821,846,0,846,0,19,19
632814,632040,774,0,774,0,19,19
636788,636012,776,0,776,0,19,19
651048,650147,901,47,854,0,19,20
650061,649220,841,0,811,30,20,20
648635,647861,774,0,774,0,19,19
651588,650829,759,0,759,0,19,19
660382,659284,1098,39,1059,0,19,20
663267,662208,1059,41,1018,0,19,20
660767,659798,969,0,921,48,20,20
668339,667496,843,0,843,0,19,19
667364,666331,1033,0,960,73,20,20
666746,665982,764,0,751,13,20,20
671557,670648,909,0,850,59,20,20
668405,667574,831,0,831,0,19,19
674450,673641,809,0,809,0,19,19
665443,664596,847,0,847,0,19,19
671695,670962,733,0,733,0,19,19
666746,665876,870,0,817,53,20,20
675211,674461,750,0,750,0,19,19
679571,678858,713,0,713,0,19,19
678401,677606,795,0,795,0,19,19
683324,682432,892,0,892,0,19,19
675093,674022,1071,0,1071,0,19,19
680678,679666,1012,0,1012,0,19,19
681399,680378,1021,0,971,50,20,20
688297,687213,1084,63,1021,0,19,20
691612,690691,921,0,921,0,19,19
684329,683401,928,51,877,0,19,20
689544,688614,930,50,880,0,19,20
692372,691178,1194,0,1194,0,19,19
694911,693789,1122,0,1076,46,20,20
695758,694646,1112,0,1061,51,20,20
697600,696794,806,0,806,0,19,19
698851,697873,978,0,926,52,20,20
691370,690563,807,0,807,0,19,19
697526,696807,719,0,719,0,19,19
703126,702242,884,0,851,33,20,20
698311,697610,701,0,701,0,19,19
698123,697302,821,0,821,0,19,19
699282,698517,765,0,765,0,18,18
700538,699667,871,51,820,0,19,20
697399,696566,833,0,833,0,19,19
704736,703981,755,0,755,0,19,19
699922,699191,731,0,731,0,19,19
706098,705413,685,0,685,0,19,19
698949,698095,854,51,803,0,19,20
697148,696327,821,0,821,0,19,19
699316,698587,729,0,729,0,19,19
701915,701248,667,0,667,0,19,19
703272,702475,797,35,762,0,19,20
701894,701145,749,0,749,0,19,19
702533,701792,741,36,705,0,19,20
699226,698531,695,0,695,0,18,18
692868,692193,675,0,675,0,19,19
693598,692836,762,0,722,40,20,20
692629,691974,655,0,655,0,19,19
698807,697891,916,0,916,0,19,19
691840,691109,731,0,731,0,19,19
698827,698125,702,0,702,0,19,19
697701,696978,723,0,723,0,19,19
700268,699340,928,44,884,0,19,20
701825,700857,968,0,968,0,19,19
694936,694190,746,0,746,0,19,19
698959,698215,744,0,744,0,19,19
694909,694195,714,0,664,50,20,20
692860,691994,866,0,822,44,20,20
688082,687400,682,0,682,0,19,19
686915,686226,689,0,689,0,19,19
695036,694384,652,0,632,20,20,20
694241,693434,807,48,759,0,19,20
687737,687044,693,0,693,0,19,19
677913,677226,687,0,687,0,19,19
673279,672562,717,0,717,0,19,19
682370,681542,828,0,795,33,20,20
675102,674360,742,48,694,0,19,20
669430,668812,618,0,618,0,19,19
680098,679401,697,0,697,0,19,19
676519,675732,787,0,787,0,19,19
681581,680849,732,0,732,0,19,19
670167,669492,675,0,675,0,19,19
674622,673999,623,0,623,0,19,19
676383,675670,713,0,713,0,19,19
674369,673642,727,45,682,0,19,20
673395,672669,726,0,697,29,20,20
678287,677583,704,54,650,0,19,20
686088,685473,615,0,615,0,19,19
682504,681711,793,49,744,0,19,20
689008,688434,574,30,544,0,19,20
685837,685041,796,0,770,26,20,20
684494,683496,998,36,962,0,19,20
682253,681546,707,0,707,0,19,19
679874,678999,875,42,833,0,19,20
676428,675648,780,0,780,0,19,19
678190,677422,768,0,735,33,20,20
678293,677564,729,0,729,0,19,19
680801,680270,531,0,531,0,19,19
676354,675570,784,56,728,0,19,20
677104,676433,671,0,671,0,19,19
676023,675311,712,0,712,0,19,19
663707,662913,794,28,766,0,19,20
666612,665775,837,0,837,0,19,19
665534,664901,633,0,633,0,19,19
659800,659051,749,44,705,0,19,20
657972,657395,577,0,577,0,19,19
654790,653991,799,0,799,0,19,19
653257,652498,759,0,689,70,20,20
646260,645406,854,0,819,35,20,20
650988,650230,758,0,723,35,20,20
657209,656465,744,0,713,31,20,20
656949,656315,634,0,634,0,19,19
654379,653643,736,0,736,0,19,19
650899,650046,853,0,809,44,20,20
651037,650412,625,0,625,0,19,19
645222,644522,700,0,661,39,20,20
650729,650087,642,43,599,0,19,20
655133,654512,621,0,621,0,19,19
650572,650173,399,0,399,0,19,19
653412,653000,412,0,412,0,19,19
657435,657024,411,0,411,0,19,19
656864,656411,453,26,427,0,19,20
658737,658271,466,0,466,0,19,19
665350,664925,425,0,425,0,19,19
670920,670510,410,0,410,0,19,19
674551,674158,393,0,393,0,19,19
678940,678431,509,0,509,0,19,19
674108,673606,502,0,485,17,20,20
670407,669931,476,0,476,0,19,19
679685,679221,464,0,464,0,19,19
679372,678904,468,0,468,0,19,19
680029,679552,477,0,477,0,19,19
683514,683078,436,0,436,0,19,19
681654,681250,404,0,404,0,19,19
685346,684895,451,0,451,0,19,19
684613,684102,511,0,492,19,20,20
681284,680764,520,0,506,14,20,20
685683,685255,428,0,428,0,19,19
682984,682580,404,0,404,0,19,19
680389,679931,458,22,436,0,19,20
681432,680937,495,0,495,0,19,19
687268,686760,508,35,473,0,19,20
694607,694170,437,0,437,0,19,19
698822,698372,450,0,450,0,19,19
707269,706782,487,0,487,0,19,19
709283,708894,389,0,389,0,19,19
704429,703996,433,0,433,0,19,19
698098,697631,467,0,467,0,19,19
702148,701640,508,25,483,0,19,20
698652,698126,526,0,526,0,19,19
706701,706254,447,30,417,0,19,20
720311,719774,537,0,537,0,19,19
718288,717807,481,0,444,37,20,20
721983,721510,473,0,473,0,19,19
696519,696109,410,0,410,0,19,19
716070,715663,407,0,407,0,19,19
711467,711056,411,0,411,0,19,19
715709,715142,567,20,547,0,19,20
722796,722319,477,0,477,0,19,19
725508,725045,463,0,463,0,19,19
730091,729652,439,0,439,0,19,19
737666,737256,410,0,410,0,19,19
740535,740105,430,0,430,0,19,19
743359,742862,497,0,497,0,19,19
748297,747740,557,0,536,21,20,20
740652,740199,453,34,419,0,19,20
740027,739485,542,0,542,0,19,19
735816,735323,493,29,464,0,19,20
728128,727642,486,0,486,0,19,19
726408,725942,466,0,466,0,19,19
723236,722758,478,0,478,0,19,19
726897,726387,510,0,510,0,19,19
729709,729238,471,19,452,0,19,20
724676,724260,416,0,416,0,19,19
729579,729093,486,0,486,0,19,19
725601,725196,405,0,405,0,19,19
729698,729276,422,0,422,0,19,19
723530,723155,375,0,375,0,19,19
723112,722636,476,0,476,0,19,19
674813,674398,415,0,415,0,19,19
711030,710564,466,0,466,0,19,19
707089,706684,405,0,405,0,19,19
702242,701746,496,0,496,0,19,19
698753,698226,527,0,527,0,19,19
702397,701979,418,0,418,0,19,19
712313,711828,485,13,472,0,19,20
712568,712094,474,0,474,0,19,19
713947,713493,454,0,454,0,19,19
716640,716246,394,24,370,0,19,20
723110,722744,366,9,357,0,19,20
718638,718098,540,0,506,34,20,20
717307,716471,836,0,836,0,19,19
716960,716072,888,0,843,45,20,20
711378,710667,711,0,711,0,19,19
710356,709624,732,0,732,0,19,19
705991,705242,749,0,749,0,19,19
704475,703634,841,0,793,48,20,20
695124,694305,819,0,778,41,20,20
700631,699935,696,0,696,0,19,19
694176,693386,790,0,725,65,20,20
687657,686872,785,0,785,0,19,19
691022,690214,808,0,761,47,20,20
683905,683177,728,0,728,0,19,19
683504,682780,724,0,724,0,19,19
682239,681458,781,0,735,46,20,20
677114,676288,826,45,781,0,19,20
671018,670197,821,40,781,0,19,20
668229,667412,817,0,817,0,19,19
674263,673484,779,0,779,0,19,19
668328,667619,709,0,709,0,19,19
680164,679090,1074,0,1074,0,19,19
692517,691804,713,0,713,0,19,19
693676,692918,758,0,758,0,19,19
696825,696112,713,0,713,0,19,19
702080,701374,706,0,706,0,19,19
697364,696672,692,0,692,0,19,19
703162,702434,728,0,728,0,19,19
703357,702652,705,0,705,0,19,19
704336,703492,844,48,796,0,19,20
702375,701530,845,0,810,35,20,20
703087,702347,740,0,740,0,19,19
696828,696037,791,0,791,0,19,19
696901,696084,817,36,781,0,19,20
699333,698550,783,0,742,41,20,20
697317,696629,688,0,688,0,19,19
705258,704324,934,35,899,0,19,20
705609,704922,687,0,687,0,19,19
703296,702580,716,0,716,0,19,19
696249,695430,819,0,819,0,19,19
694250,693467,783,0,783,0,19,19
688130,687452,678,0,678,0,19,19
683220,682461,759,0,759,0,19,19
695007,694183,824,0,789,35,20,20
701287,700219,1068,0,1068,0,19,19
684731,684011,720,0,720,0,19,19
693044,692105,939,0,897,42,20,20
700579,699678,901,0,856,45,20,20
697520,696718,802,0,802,0,19,19
694681,693950,731,0,731,0,19,19
698288,697516,772,0,772,0,19,19
699407,698662,745,52,693,0,19,20
700636,699657,979,25,954,0,19,20
699503,698790,713,43,670,0,19,20
700800,699710,1090,0,1090,0,19,19
698970,698176,794,0,794,0,19,19
701274,700531,743,0,743,0,19,19
692248,691424,824,44,780,0,19,20
687813,687093,720,25,695,0,19,20
672267,671457,810,0,810,0,19,19
670441,669738,703,0,703,0,19,19
656890,656105,785,0,785,0,19,19
655291,654594,697,0,697,0,19,19
660302,659507,795,0,746,49,20,20
657323,656502,821,0,781,40,20,20
659404,658752,652,0,652,0,19,19
652788,652007,781,0,781,0,19,19
656596,655862,734,0,734,0,19,19
658180,657539,641,23,618,0,19,20
657050,656273,777,0,777,0,19,19
658874,658131,743,0,743,0,19,19
654568,653762,806,0,806,0,19,19
659118,658364,754,0,754,0,19,19
668603,667830,773,0,773,0,19,19
672477,671827,650,0,650,0,19,19
679776,679022,754,0,754,0,19,19
683650,682955,695,0,695,0,19,19
685366,684663,703,0,703,0,19,19
688430,687760,670,0,632,38,20,20
700761,700238,523,0,523,0,19,19
707185,706563,622,0,595,27,20,20
705508,704973,535,0,521,14,20,20
705291,704619,672,0,672,0,19,19
699839,699128,711,44,667,0,19,20
701432,700670,762,0,725,37,20,20
704149,703401,748,0,748,0,19,19
702258,701530,728,0,698,30,20,20
708567,707841,726,0,726,0,19,19
711659,710996,663,0,663,0,19,19
706943,706182,761,0,724,37,20,20
699982,699329,653,0,653,0,19,19
697681,697044,637,0,637,0,19,19
704605,703935,670,0,631,39,20,20
694994,694314,680,35,645,0,19,20
698298,697627,671,0,671,0,19,19
697486,696926,560,0,560,0,19,19
700306,699617,689,24,665,0,19,20
708167,707468,699,0,699,0,19,19
710644,710021,623,0,623,0,19,19
716098,715448,650,31,619,0,19,20
719697,719016,681,0,681,0,19,19
722014,721312,702,0,679,23,20,20
720604,720001,603,0,603,0,19,19
715272,714499,773,0,773,0,19,19
711769,711081,688,0,651,37,20,20
721576,720880,696,38,658,0,19,20
720307,719572,735,0,703,32,20,20
718758,718032,726,0,726,0,19,19
717455,716812,643,0,643,0,19,19
725378,724642,736,0,701,35,20,20
707411,706723,688,0,656,32,20,20
716633,715945,688,0,688,0,19,19
707274,706695,579,0,579,0,19,19
703365,702650,715,0,662,53,20,20
701689,701055,634,0,634,0,19,19
689793,689148,645,30,615,0,19,20
697554,696800,754,0,718,36,20,20
702690,702079,611,0,611,0,19,19
699418,698775,643,50,593,0,19,20
698127,697418,709,0,709,0,19,19
698358,697712,646,41,605,0,19,20
695793,695094,699,0,699,0,19,19
691625,690792,833,0,833,0,19,19
698314,697559,755,44,711,0,19,20
699171,698538,633,0,633,0,19,19
702057,701325,732,0,732,0,19,19
703347,702678,669,0,634,35,20,20
704837,704235,602,0,602,0,19,19
702523,701880,643,0,643,0,19,19
696126,695414,712,0,712,0,19,19
701510,700903,607,0,607,0,19,19
707909,707168,741,34,707,0,19,20
704421,703766,655,0,655,0,19,19
694176,693612,564,0,564,0,19,19
692931,692319,612,0,612,0,19,19
701235,700493,742,0,742,0,19,19
689906,688826,1080,35,1045,0,19,20
684005,683415,590,0,590,0,19,19
696254,695579,675,0,675,0,19,19
698595,697956,639,30,609,0,19,20
696578,695859,719,41,678,0,19,20
687835,687075,760,0,760,0,19,19
693352,692694,658,0,658,0,19,19
692985,692365,620,0,620,0,19,19
691406,690677,729,0,729,0,19,19
707492,706748,744,0,744,0,19,19
711075,710334,741,54,687,0,19,20
709347,708663,684,0,684,0,19,19
711789,711119,670,0,670,0,19,19
707542,706804,738,32,706,0,19,20
712608,711869,739,0,739,0,19,19
715187,714479,708,0,669,39,20,20
730134,729577,557,0,557,0,19,19
725697,724641,1056,0,1056,0,19,19
735497,734892,605,0,605,0,19,19
728561,727848,713,0,713,0,19,19
729848,729204,644,0,644,0,19,19
730547,729900,647,0,647,0,19,19
731826,731081,745,44,701,0,19,20
733701,733102,599,0,599,0,19,19
726413,725805,608,37,571,0,19,20
727613,727105,508,0,508,0,19,19
727572,726854,718,0,718,0,18,18
733989,733378,611,0,591,20,20,20
740802,740264,538,0,538,0,19,19
738625,737990,635,0,635,0,19,19
737599,736971,628,0,628,0,19,19
731385,730231,1154,0,1102,52,20,20
733567,732621,946,0,946,0,19,19
729768,728830,938,0,892,46,20,20
729324,728424,900,53,847,0,19,20
734915,733905,1010,33,977,0,19,20
730246,729422,824,26,798,0,19,20
722092,721171,921,0,921,0,19,19
727347,726400,947,0,888,59,20,20
733399,732548,851,0,851,0,19,19
728783,727836,947,0,947,0,19,19
733653,732847,806,0,806,0,19,19
734357,733570,787,0,746,41,20,20
736288,735374,914,0,914,0,19,19
728851,727899,952,0,952,0,19,19
727580,726713,867,33,834,0,19,20
732028,730920,1108,44,1064,0,19,20
734891,733889,1002,61,941,0,19,20
734649,733899,750,0,750,0,19,19
733770,733088,682,0,632,50,18,18
734822,733927,895,0,895,0,19,19
739554,738677,877,49,828,0,19,20
741181,740349,832,48,784,0,19,20
741745,740622,1123,25,1098,0,19,20
733677,732847,830,0,830,0,19,19
732269,731434,835,0,835,0,19,19
726367,725525,842,36,806,0,19,20
721539,720632,907,0,871,36,20,20
711810,710942,868,0,868,0,19,19
713946,712881,1065,0,1065,0,19,19
703337,702377,960,33,927,0,19,20
698040,697253,787,0,787,0,19,19
696075,695352,723,0,723,0,19,19
688918,688190,728,0,728,0,19,19
689594,688807,787,0,787,0,19,19
700830,700020,810,0,810,0,19,19
702589,701673,916,34,882,0,19,20
697058,696220,838,0,787,51,20,20
693677,692791,886,0,831,55,20,20
692050,691248,802,0,802,0,19,19
694385,693662,723,0,723,0,19,19
693913,693185,728,0,728,0,19,19
695828,694955,873,43,830,0,19,20
686660,685830,830,0,830,0,19,19
685694,684866,828,0,828,0,19,19
694405,693270,1135,0,1135,0,19,19
701503,700696,807,0,807,0,19,19
711004,709985,1019,0,960,59,20,20
717388,716548,840,0,840,0,19,19
716370,715518,852,0,852,0,19,19
706121,705278,843,42,801,0,19,20
700287,699475,812,0,812,0,19,19
699004,698166,838,0,838,0,19,19
692795,691776,1019,0,1019,0,19,19
695467,694598,869,0,869,0,19,19
689597,688878,719,0,719,0,19,19
680122,679291,831,0,831,0,19,19
675009,674073,936,0,936,0,19,19
666205,665436,769,30,739,0,19,20
663659,662888,771,0,771,0,19,19
667956,666914,1042,0,1042,0,19,19
668570,667779,791,40,751,0,19,20
667327,666525,802,0,802,0,19,19
662922,662111,811,0,811,0,19,19
657671,656903,768,0,768,0,19,19
654159,653395,764,0,709,55,20,20
661296,660432,864,0,864,0,19,19
661467,660699,768,34,734,0,19,20
660406,659679,727,0,727,0,19,19
654127,653355,772,0,772,0,19,19
658991,658283,708,0,708,0,19,19
655254,654576,678,35,643,0,19,20
653862,653140,722,0,722,0,19,19
652873,652159,714,0,714,0,19,19
648411,647884,527,0,527,0,19,19
647113,646479,634,0,634,0,19,19
644678,644037,641,0,604,37,20,20
647298,646778,520,17,503,0,19,20
639092,638329,763,0,763,0,19,19
635665,635162,503,0,459,44,20,20
634052,633560,492,0,492,0,19,19
632163,631402,761,0,761,0,19,19
628158,627360,798,44,754,0,19,20
626169,625446,723,58,665,0,19,20
621127,620443,684,31,653,0,19,20
604223,603573,650,0,650,0,19,19
605304,604621,683,0,683,0,19,19
606058,605322,736,0,736,0,19,19
605623,604970,653,0,653,0,19,19
616463,615826,637,0,637,0,19,19
617417,616752,665,0,665,0,19,19
621056,620322,734,43,691,0,19,20
617302,616617,685,0,648,37,20,20
617425,616723,702,0,702,0,19,19
615063,614321,742,30,712,0,19,20
610789,610015,774,42,732,0,19,20
612543,611738,805,0,747,58,20,20
611775,611120,655,0,655,0,19,19
613347,612590,757,33,724,0,19,20
612578,611876,702,0,702,0,19,19
620268,619537,731,0,698,33,20,20
619585,618745,840,0,840,0,19,19
622204,621508,696,0,696,0,19,19
622741,621984,757,0,720,37,20,20
624230,623515,715,0,685,30,20,20
620449,619719,730,0,730,0,19,19
621283,620628,655,0,655,0,19,19
629431,628711,720,0,691,29,20,20
627662,626989,673,0,673,0,19,19
628071,627371,700,0,700,0,19,19
631043,630270,773,0,732,41,20,20
635443,634654,789,34,755,0,19,20
632818,632190,628,0,628,0,19,19
634952,634229,723,0,723,0,19,19
632542,631846,696,24,672,0,19,20
627646,626990,656,0,656,0,19,19
623657,623031,626,0,626,0,19,19
625941,625202,739,32,707,0,19,20
631841,631128,713,0,663,50,20,20
634788,633773,1015,42,973,0,19,20
639965,639316,649,0,649,0,19,19
628284,627539,745,0,704,41,20,20
623090,622457,633,0,633,0,19,19
625255,624482,773,0,713,60,20,20
612321,611718,603,0,603,0,19,19
619633,618930,703,0,672,31,20,20
619054,618106,948,30,918,0,19,20
619206,618642,564,0,564,0,19,19
602143,601582,561,0,561,0,19,19
597500,596684,816,0,816,0,19,19
601726,601114,612,0,612,0,19,19
591046,590345,701,39,662,0,19,20
586372,585738,634,0,634,0,19,19
588495,587938,557,0,557,0,19,19
596227,595591,636,49,587,0,19,20
595166,594622,544,0,544,0,18,18
594343,593733,610,0,610,0,19,19
598645,597899,746,46,700,0,19,20
596212,595517,695,0,695,0,19,19
592790,592240,550,0,550,0,19,19
593759,593111,648,0,648,0,19,19
595209,594556,653,22,631,0,19,20
596686,595936,750,0,750,0,19,19
596482,595851,631,0,631,0,19,19
601453,600885,568,0,568,0,19,19
605009,604307,702,0,702,0,19,19
605558,604990,568,0,568,0,19,19
605407,604710,697,0,697,0,19,19
609815,609230,585,0,585,0,19,19
609205,608347,858,34,824,0,19,20
610442,609762,680,0,680,0,19,19
617347,616750,597,26,571,0,19,20
618506,617679,827,0,827,0,19,19
622539,621804,735,42,693,0,19,20
626875,626070,805,0,763,42,20,20
629333,628645,688,0,656,32,20,20
622257,621561,696,0,660,36,20,20
629178,628306,872,0,821,51,20,20
630765,629825,940,0,940,0,19,19
633071,632353,718,0,718,0,19,19
635335,634637,698,0,698,0,19,19
644458,643613,845,25,820,0,19,20
645087,644477,610,0,610,0,19,19
638826,638091,735,0,681,54,20,20
642331,641734,597,0,597,0,19,19
650134,649281,853,32,821,0,19,20
649434,648724,710,0,710,0,19,19
654319,653683,636,0,636,0,19,19
649008,648401,607,0,607,0,19,19
653661,652925,736,0,736,0,19,19
650766,650062,704,0,704,0,19,19
646920,646323,597,0,597,0,19,19
648293,647632,661,0,661,0,19,19
646839,646072,767,0,721,46,20,20
646278,645537,741,0,741,0,19,19
640034,639482,552,0,552,0,19,19
638165,637381,784,57,727,0,19,20
634810,634039,771,0,700,71,20,20
631940,631334,606,0,606,0,19,19
637103,636287,816,0,816,0,19,19
639630,638989,641,0,641,0,19,19
630532,629779,753,0,753,0,19,19
644274,643711,563,0,563,0,19,19
639542,638972,570,0,570,0,19,19
638087,637524,563,50,513,0,19,20
635578,634921,657,31,626,0,19,20
635851,635215,636,51,585,0,19,20
630193,629635,558,0,558,0,19,19
631263,630604,659,0,632,27,20,20
627364,626755,609,0,609,0,19,19
625063,624533,530,0,530,0,19,19
625340,624673,667,0,667,0,19,19
628669,628140,529,0,529,0,19,19
625066,624423,643,0,609,34,20,20
623578,622732,846,0,846,0,19,19
632281,631452,829,17,812,0,18,19
623535,622976,559,0,559,0,19,19
620824,619992,832,0,832,0,19,19
618874,618334,540,0,540,0,19,19
616997,616523,474,0,474,0,19,19
606946,606248,698,0,698,0,19,19
602471,601802,669,0,669,0,19,19
601095,600365,730,0,730,0,19,19
593504,592814,690,0,690,0,19,19
594595,593979,616,0,578,38,20,20
592964,592421,543,0,543,0,19,19
593936,593442,494,0,494,0,19,19
590321,589697,624,0,624,0,19,19
582995,582449,546,0,516,30,20,20
577685,577133,552,0,552,0,19,19
576447,575923,524,0,524,0,19,19
575565,574701,864,0,864,0,19,19
575868,575355,513,0,513,0,19,19
566406,565819,587,0,587,0,19,19
560466,560061,405,0,405,0,19,19
564562,564104,458,0,458,0,19,19
555423,554853,570,0,570,0,19,19
554271,553714,557,20,537,0,19,20
545313,544732,581,0,581,0,19,19
543460,542772,688,26,662,0,19,20
536436,535905,531,0,531,0,19,19
533960,533447,513,0,513,0,19,19
535440,534833,607,40,567,0,19,20
527421,526877,544,0,544,0,19,19
528240,527703,537,0,537,0,19,19
518753,518101,652,0,596,56,20,20
521108,520635,473,0,473,0,19,19
514218,513765,453,0,439,14,20,20
512303,511892,411,0,411,0,19,19
513121,512648,473,0,473,0,19,19
510829,510302,527,12,515,0,19,20
508810,508339,471,0,458,13,20,20
516058,515652,406,0,406,0,19,19
521947,521687,260,0,260,0,19,19
525779,525526,253,0,253,0,18,18
526583,526084,499,0,499,0,19,19
531091,530380,711,0,711,0,19,19
536875,536058,817,0,817,0,19,19
539165,538351,814,0,755,59,20,20
549774,549038,736,0,736,0,19,19
554809,554108,701,0,701,0,19,19
559921,559231,690,0,690,0,19,19
569717,568994,723,0,696,27,20,20
569855,569140,715,48,667,0,19,20
575303,574556,747,0,747,0,19,19
583648,582806,842,42,800,0,19,20
590485,589555,930,0,930,0,19,19
595862,595156,706,0,706,0,19,19
602613,601799,814,0,814,0,19,19
622934,622151,783,0,783,0,19,19
635741,634944,797,0,797,0,19,19
643283,642400,883,0,883,0,19,19
675182,674299,883,0,883,0,19,19
683223,682407,816,0,816,0,19,19
700305,699321,984,0,929,55,20,20
733709,732796,913,0,913,0,19,19
745780,744723,1057,0,1057,0,19,19
764895,763816,1079,0,1030,49,20,20
798101,797225,876,38,838,0,19,20
808428,807329,1099,55,1044,0,19,20
819409,818263,1146,59,1087,0,19,20
829504,828567,937,0,937,0,19,19
841638,840457,1181,59,1122,0,19,20
873010,871961,1049,48,1001,0,19,20
893188,892190,998,0,998,0,19,19
894479,893281,1198,0,1198,0,19,19
903640,902491,1149,0,1149,0,19,19
915571,914490,1081,0,1081,0,19,19
929093,927468,1625,0,1625,0,19,19
935443,934052,1391,0,1324,67,20,20
939437,938228,1209,0,1209,0,19,19
954568,953305,1263,0,1195,68,20,20
972822,971605,1217,0,1217,0,19,19
972101,970841,1260,0,1176,84,20,20
978501,977223,1278,0,1220,58,20,20
989054,987999,1055,0,1055,0,19,19
997736,996614,1122,0,1122,0,19,19
1008653,1007455,1198,37,1161,0,19,20
1003268,1001780,1488,0,1408,80,20,20
1010313,1008953,1360,0,1360,0,19,19
1014442,1012858,1584,85,1499,0,19,20
998275,996870,1405,81,1324,0,19,20
1007149,1005949,1200,0,1200,0,19,19
994906,993802,1104,0,1104,0,19,19
995866,994730,1136,0,1136,0,19,19
987936,986568,1368,0,1368,0,19,19
984809,983569,1240,49,1191,0,19,20
986744,985672,1072,0,1072,0,19,19
973433,971880,1553,29,1524,0,19,20
1224012,1222645,1367,0,1367,0,19,19
1219039,1217552,1487,107,1380,0,19,20
1198888,1197602,1286,0,1286,0,19,19
1210060,1208678,1382,0,1382,0,19,19
1198881,1197531,1350,0,1350,0,19,19
1227373,1225637,1736,80,1656,0,19,20
1200588,1199157,1431,0,1431,0,19,19
1216758,1215002,1756,82,1674,0,19,20
1210295,1208732,1563,40,1523,0,19,20
1214773,1212875,1898,93,1805,0,19,20
1191355,1189466,1889,0,1817,72,20,20
1227484,1226028,1456,0,1456,0,19,19
1211401,1209707,1694,73,1621,0,19,20
1208011,1206485,1526,0,1526,0,19,19
1206581,1205231,1350,81,1269,0,19,20
1215315,1214162,1153,0,1153,0,19,19
