coverage,wt.counts,mut.count,s.count,ns.count,stp.count,aa.sampled,codons.sampled
223084,222903,181,0,181,0,12,12
222646,222599,47,47,0,0,0,1
221190,221044,146,0,146,0,9,9
219819,219374,445,11,434,0,17,18
224464,224421,43,0,43,0,2,2
220955,220695,260,0,260,0,13,13
219253,218843,410,0,410,0,12,12
217987,217752,235,0,235,0,14,14
215844,215760,84,53,31,0,2,3
219897,219828,69,0,69,0,7,7
219551,219526,25,0,25,0,6,6
158507,158465,42,18,24,0,2,3
158302,158302,0,0,0,0,0,0
162146,162146,0,0,0,0,0,0
166285,166240,45,0,45,0,2,2
171817,171444,373,0,373,0,17,17
173725,173330,395,0,395,0,17,17
177742,177197,545,0,545,0,19,19
178036,177996,40,0,40,0,2,2
183670,183462,208,27,181,0,8,9
183530,182875,655,0,655,0,19,19
183781,183641,140,0,140,0,13,13
180970,180526,444,0,444,0,17,17
184007,183976,31,0,31,0,3,3
185916,185736,180,30,150,0,11,12
186605,186411,194,0,194,0,6,6
189207,188482,725,0,725,0,18,18
189334,189009,325,0,325,0,17,17
192536,191939,597,0,597,0,18,18
194827,194294,533,0,533,0,16,16
196441,196088,353,0,353,0,14,14
201277,201057,220,0,220,0,9,9
202878,202876,2,0,2,0,1,1
204385,204073,312,0,312,0,14,14
208255,208034,221,0,221,0,10,10
208039,207910,129,0,129,0,3,3
208829,208046,783,0,783,0,18,18
213505,213500,5,0,5,0,2,2
214351,214209,142,44,98,0,2,3
214153,213655,498,52,446,0,8,9
214172,213395,777,0,777,0,18,18
215072,214921,151,21,130,0,4,5
213347,213171,176,0,176,0,5,5
210516,210335,181,0,181,0,12,12
209900,209580,320,53,267,0,13,14
206520,206111,409,0,409,0,18,18
199248,198572,676,0,676,0,19,19
199021,198833,188,0,188,0,6,6
199308,198719,589,63,526,0,13,14
202028,201381,647,0,647,0,18,18
201341,201290,51,0,51,0,2,2
201668,201499,169,0,169,0,6,6
201984,201326,658,0,658,0,18,18
199051,198556,495,0,495,0,17,17
194764,194534,230,0,230,0,10,10
195575,195319,256,0,256,0,11,11
199070,199019,51,0,51,0,3,3
201046,200922,124,25,99,0,7,8
203362,202987,375,0,375,0,15,15
205260,204937,323,0,323,0,15,15
206391,205927,464,0,464,0,14,14
210403,209739,664,0,664,0,19,19
210015,209489,526,0,526,0,18,18
212768,212176,592,50,542,0,12,13
216722,215742,980,0,980,0,19,19
216976,216449,527,54,473,0,17,18
222041,220902,1139,0,1139,0,19,19
224031,223719,312,0,312,0,11,11
225956,225908,48,0,48,0,5,5
227376,227204,172,0,172,0,8,8
227782,227514,268,0,268,0,10,10
226446,226302,144,0,144,0,3,3
227616,227220,396,120,276,0,8,9
228542,228437,105,87,18,0,1,2
228426,228259,167,0,167,0,7,7
227462,227446,16,0,16,0,1,1
229486,229480,6,0,6,0,2,2
233409,233290,119,0,119,0,7,7
233494,233281,213,105,108,0,4,5
234231,234180,51,0,51,0,2,2
236521,236521,0,0,0,0,0,0
234955,234649,306,16,290,0,6,7
235856,235767,89,0,89,0,1,1
236288,236288,0,0,0,0,0,0
234279,234279,0,0,0,0,0,0
231775,231654,121,0,121,0,6,6
232397,231991,406,31,375,0,7,8
232906,232719,187,0,187,0,4,4
230965,230904,61,0,61,0,4,4
230832,230751,81,0,81,0,4,4
232517,232168,349,0,349,0,8,8
233966,233832,134,0,134,0,6,6
233813,233598,215,0,215,0,8,8
237672,237459,213,0,213,0,6,6
237136,236866,270,0,270,0,5,5
231116,231002,114,0,114,0,6,6
232372,232157,215,0,215,0,7,7
231624,231434,190,76,114,0,4,5
229783,229703,80,0,80,0,2,2
231192,231192,0,0,0,0,0,0
236501,236450,51,0,51,0,3,3
238081,238039,42,0,42,0,3,3
236079,236066,13,0,13,0,2,2
238012,238011,1,0,1,0,1,1
238042,237989,53,0,53,0,2,2
235584,235584,0,0,0,0,0,0
240823,240653,170,0,170,0,4,4
242587,242587,0,0,0,0,0,0
242081,241445,636,0,636,0,13,13
241337,241200,137,0,137,0,10,10
243690,242954,736,0,736,0,19,19
245191,244167,1024,0,1024,0,19,19
243470,243254,216,0,216,0,16,16
244034,243504,530,0,530,0,16,16
251329,251140,189,35,154,0,14,15
251280,251100,180,0,180,0,4,4
252373,252373,0,0,0,0,0,0
253511,253493,18,0,18,0,2,2
258589,258410,179,128,51,0,3,4
260150,260067,83,63,20,0,2,3
260880,260638,242,0,242,0,11,11
263613,263612,1,0,1,0,1,1
264301,264125,176,0,176,0,12,12
261469,261460,9,0,9,0,2,2
264400,264389,11,0,11,0,1,1
262025,262018,7,0,7,0,1,1
265344,265303,41,0,41,0,1,1
261503,261113,390,0,390,0,12,12
266677,266677,0,0,0,0,0,0
264762,264617,145,0,145,0,7,7
270185,270185,0,0,0,0,0,0
273131,273128,3,0,3,0,1,1
271769,271615,154,0,154,0,11,11
275046,274937,109,0,109,0,2,2
272485,272367,118,0,118,0,5,5
272509,272476,33,0,33,0,1,1
273287,273254,33,0,33,0,3,3
276919,276769,150,117,33,0,3,4
279497,279491,6,0,6,0,1,1
275001,274835,166,63,103,0,5,6
278498,277873,625,156,469,0,17,18
281045,280732,313,0,313,0,11,11
282095,281728,367,0,367,0,7,7
282342,281943,399,0,399,0,14,14
284288,284266,22,0,22,0,1,1
284320,284096,224,0,224,0,17,17
280245,280127,118,0,118,0,9,9
283555,283555,0,0,0,0,0,0
285662,285661,1,0,1,0,1,1
283602,283556,46,0,46,0,2,2
282151,282147,4,0,4,0,1,1
282795,282756,39,0,39,0,3,3
282145,282012,133,106,27,0,1,2
280513,280513,0,0,0,0,0,0
283208,283067,141,0,141,0,4,4
279674,279637,37,0,37,0,3,3
281532,281417,115,0,115,0,7,7
277248,277058,190,97,93,0,5,6
275331,275297,34,0,34,0,4,4
276380,276282,98,0,98,0,3,3
277660,277636,24,0,24,0,3,3
278052,277848,204,121,83,0,5,6
278268,278268,0,0,0,0,0,0
278619,278507,112,79,33,0,2,3
276267,276253,14,0,14,0,1,1
273678,273628,50,0,50,0,1,1
275303,274703,600,0,600,0,17,17
274321,274310,11,0,11,0,1,1
276518,276470,48,0,48,0,3,3
271905,271073,832,0,832,0,19,19
276427,275613,814,0,814,0,18,18
275816,275755,61,0,61,0,3,3
277752,277144,608,98,510,0,17,18
278855,278482,373,0,373,0,7,7
276871,276663,208,0,208,0,13,13
277089,276165,924,0,924,0,16,16
275842,274638,1204,0,1204,0,18,18
274582,273349,1233,0,1233,0,19,19
272682,272429,253,0,253,0,6,6
272796,271582,1214,0,1214,0,19,19
276966,276872,94,0,94,0,4,4
278282,276961,1321,44,1277,0,18,19
274257,274062,195,0,195,0,15,15
269286,269202,84,0,84,0,9,9
267667,267279,388,0,388,0,15,15
271317,271248,69,0,69,0,9,9
270016,269835,181,140,41,0,2,3
265352,265032,320,0,320,0,12,12
271502,271430,72,0,72,0,7,7
270748,269797,951,0,951,0,18,18
271682,271379,303,0,303,0,14,14
268332,268150,182,0,182,0,14,14
270785,270159,626,0,626,0,16,16
273147,273144,3,0,3,0,1,1
272108,272021,87,84,3,0,1,2
271612,271608,4,0,3,1,2,2
273795,273595,200,56,144,0,3,4
278190,278054,136,0,136,0,4,4
277932,277606,326,177,149,0,5,6
280805,280590,215,84,131,0,5,6
280749,280482,267,0,267,0,9,9
280030,279806,224,107,117,0,5,6
279457,278753,704,0,704,0,18,18
278263,278196,67,24,43,0,2,3
277606,277493,113,0,113,0,9,9
276798,276486,312,0,312,0,14,14
278546,278506,40,0,40,0,2,2
278717,278660,57,0,57,0,2,2
276655,276559,96,96,0,0,0,1
276518,276517,1,0,1,0,1,1
276016,275995,21,0,21,0,2,2
269009,268906,103,103,0,0,0,1
271234,271185,49,0,49,0,7,7
270552,270520,32,0,32,0,3,3
267493,267225,268,103,165,0,5,6
267087,266689,398,0,398,0,17,17
265286,264679,607,0,607,0,17,17
263238,263001,237,0,237,0,11,11
259049,258307,742,0,742,0,19,19
259073,258457,616,0,616,0,16,16
262826,262173,653,0,653,0,18,18
262380,261955,425,0,425,0,10,10
260833,260155,678,0,678,0,12,12
258891,258665,226,0,226,0,10,10
259195,259131,64,0,64,0,2,2
255620,255524,96,0,96,0,7,7
258432,258294,138,138,0,0,0,1
260037,260019,18,0,18,0,2,2
259484,259471,13,0,13,0,2,2
259131,259123,8,0,8,0,1,1
259822,259822,0,0,0,0,0,0
259333,259208,125,30,95,0,8,9
260936,260882,54,0,54,0,6,6
264749,264733,16,0,16,0,2,2
265882,265876,6,0,6,0,2,2
267591,267474,117,0,117,0,8,8
268954,268941,13,0,13,0,2,2
265937,265864,73,0,73,0,2,2
266129,266101,28,0,28,0,2,2
268687,268687,0,0,0,0,0,0
267835,267835,0,0,0,0,0,0
267713,267713,0,0,0,0,0,0
269596,269303,293,0,293,0,14,14
267665,267665,0,0,0,0,0,0
269501,269064,437,0,437,0,16,16
269461,269223,238,0,238,0,13,13
267442,267419,23,0,23,0,3,3
269143,269143,0,0,0,0,0,0
266992,266984,8,0,8,0,2,2
265307,265258,49,36,13,0,2,3
264994,264812,182,0,182,0,7,7
268090,268063,27,27,0,0,0,1
270058,269948,110,0,110,0,4,4
272989,272989,0,0,0,0,0,0
277073,276493,580,0,580,0,16,16
278243,278234,9,0,9,0,3,3
275445,275431,14,0,14,0,1,1
272636,272493,143,0,143,0,8,8
274722,274640,82,76,6,0,1,2
275367,275319,48,0,48,0,2,2
278015,277964,51,41,10,0,2,3
285029,285002,27,0,27,0,4,4
283980,283980,0,0,0,0,0,0
286197,286193,4,0,4,0,2,2
284146,284146,0,0,0,0,0,0
283880,283880,0,0,0,0,0,0
283148,283148,0,0,0,0,0,0
285569,285530,39,36,3,0,1,2
287641,287606,35,0,35,0,3,3
288975,288975,0,0,0,0,0,0
291513,291513,0,0,0,0,0,0
296754,296754,0,0,0,0,0,0
297764,297764,0,0,0,0,0,0
300371,300371,0,0,0,0,0,0
302098,302041,57,0,57,0,2,2
299258,299137,121,121,0,0,0,1
300007,299965,42,0,42,0,3,3
298695,298497,198,90,108,0,4,5
295218,295095,123,0,123,0,3,3
294551,294551,0,0,0,0,0,0
293782,293720,62,0,62,0,2,2
296067,296067,0,0,0,0,0,0
295614,295466,148,88,60,0,2,3
292550,292550,0,0,0,0,0,0
296045,296019,26,0,26,0,2,2
293449,293448,1,0,1,0,1,1
294583,294582,1,0,1,0,1,1
291590,291590,0,0,0,0,0,0
291209,291209,0,0,0,0,0,0
276394,276390,4,0,4,0,1,1
285978,285978,0,0,0,0,0,0
282795,282791,4,0,4,0,2,2
280824,280824,0,0,0,0,0,0
280953,280953,0,0,0,0,0,0
281668,281668,0,0,0,0,0,0
285934,285844,90,56,34,0,2,3
286461,286461,0,0,0,0,0,0
287598,287455,143,0,143,0,9,9
288199,288133,66,38,28,0,2,3
291280,291196,84,25,59,0,6,7
289380,289183,197,0,197,0,13,13
289396,289223,173,0,173,0,13,13
289872,289872,0,0,0,0,0,0
286725,286725,0,0,0,0,0,0
288171,287947,224,0,224,0,7,7
284975,284856,119,0,119,0,6,6
284485,283958,527,0,527,0,18,18
280561,280559,2,0,2,0,1,1
282014,282014,0,0,0,0,0,0
278407,277935,472,0,472,0,18,18
275041,274967,74,0,74,0,2,2
278302,277855,447,0,447,0,17,17
274663,274472,191,0,191,0,13,13
273620,273313,307,0,307,0,11,11
272573,272293,280,0,280,0,15,15
270656,269940,716,36,680,0,19,20
267481,267364,117,40,77,0,5,6
268130,267529,601,0,601,0,19,19
269095,268133,962,0,962,0,19,19
266195,265768,427,0,427,0,13,13
271479,271457,22,0,22,0,3,3
279240,279188,52,0,52,0,3,3
280613,280560,53,0,53,0,8,8
281133,280870,263,0,263,0,15,15
283668,283610,58,0,58,0,3,3
281708,281471,237,0,237,0,8,8
284388,283880,508,0,508,0,14,14
285779,285666,113,0,113,0,9,9
286692,285744,948,128,820,0,19,20
285751,285310,441,0,441,0,17,17
285884,285793,91,0,91,0,1,1
283741,283680,61,0,61,0,4,4
282243,281965,278,46,232,0,5,6
283212,282966,246,0,246,0,10,10
282445,282442,3,0,3,0,2,2
285132,285093,39,39,0,0,0,1
285620,285562,58,0,58,0,3,3
284511,284458,53,0,53,0,1,1
279506,279335,171,0,171,0,6,6
277646,276974,672,0,672,0,18,18
273668,273546,122,0,122,0,6,6
271755,271755,0,0,0,0,0,0
275703,275166,537,0,537,0,19,19
279820,279805,15,0,15,0,1,1
275275,274197,1078,0,1078,0,18,18
274975,274856,119,0,119,0,9,9
278990,278884,106,0,106,0,8,8
277314,277314,0,0,0,0,0,0
276680,276621,59,0,59,0,3,3
279752,279701,51,0,51,0,4,4
278908,278806,102,52,50,0,3,4
278940,278310,630,28,602,0,17,18
277375,276843,532,55,477,0,16,17
278275,277963,312,0,312,0,14,14
275205,275203,2,0,2,0,1,1
277563,277403,160,0,160,0,16,16
273040,272936,104,104,0,0,0,1
270750,270591,159,49,110,0,5,6
264343,263981,362,0,362,0,16,16
264050,263689,361,0,361,0,18,18
257031,256755,276,0,276,0,14,14
254044,254044,0,0,0,0,0,0
258104,257759,345,0,345,0,14,14
256082,255603,479,0,479,0,14,14
257309,257256,53,0,53,0,7,7
254599,254549,50,0,50,0,3,3
257334,257319,15,0,15,0,2,2
258527,258367,160,43,117,0,9,10
258117,258112,5,0,5,0,2,2
257806,257806,0,0,0,0,0,0
254735,254396,339,0,339,0,14,14
256968,256968,0,0,0,0,0,0
261384,261378,6,0,6,0,1,1
261943,261788,155,0,155,0,9,9
264244,263760,484,0,484,0,19,19
266502,265826,676,0,676,0,18,18
267978,267189,789,0,789,0,19,19
269672,269561,111,0,111,0,7,7
275638,275636,2,0,2,0,1,1
278351,278079,272,0,272,0,16,16
278966,278867,99,0,99,0,3,3
278590,278558,32,0,32,0,1,1
275605,275126,479,55,424,0,17,18
276851,276716,135,0,135,0,7,7
278008,277979,29,0,29,0,1,1
277200,277132,68,0,68,0,5,5
280982,280950,32,0,32,0,6,6
283052,282878,174,0,174,0,8,8
280656,280656,0,0,0,0,0,0
278039,277858,181,0,181,0,9,9
277493,277186,307,0,307,0,12,12
280634,280436,198,0,198,0,15,15
276345,276295,50,46,4,0,3,4
278218,277795,423,0,423,0,12,12
278867,278606,261,0,261,0,13,13
283285,283188,97,39,58,0,3,4
285084,284820,264,0,264,0,12,12
288527,288510,17,0,17,0,3,3
290679,290234,445,36,409,0,15,16
293010,292823,187,0,187,0,11,11
294945,294482,463,0,463,0,17,17
293295,293133,162,0,162,0,9,9
292427,292238,189,0,189,0,2,2
290892,290355,537,0,537,0,16,16
294623,294588,35,18,17,0,2,3
294050,293748,302,0,302,0,17,17
293381,293187,194,0,194,0,13,13
293959,293940,19,0,19,0,3,3
297866,297843,23,0,23,0,3,3
294086,294085,1,0,1,0,1,1
295215,295215,0,0,0,0,0,0
288010,287967,43,0,43,0,4,4
285599,285006,593,0,593,0,19,19
283807,283807,0,0,0,0,0,0
277050,276928,122,108,14,0,2,3
279152,279052,100,0,100,0,9,9
282079,281941,138,0,138,0,5,5
280710,280486,224,105,119,0,4,5
279140,279103,37,0,37,0,4,4
278592,278473,119,42,77,0,4,5
278559,278303,256,0,256,0,12,12
276869,276824,45,0,45,0,2,2
278838,278792,46,35,11,0,1,2
279322,279318,4,0,4,0,2,2
281446,281446,0,0,0,0,0,0
282609,282551,58,0,58,0,3,3
284002,284002,0,0,0,0,0,0
283370,283369,1,0,1,0,1,1
279159,279069,90,0,90,0,4,4
281109,280892,217,0,217,0,10,10
284491,284238,253,74,179,0,10,11
282843,282827,16,0,16,0,1,1
276752,276553,199,0,199,0,6,6
275346,275277,69,0,69,0,9,9
279203,279203,0,0,0,0,0,0
273862,273716,146,67,79,0,4,5
269920,269904,16,0,16,0,2,2
277360,277335,25,0,25,0,3,3
280121,279993,128,52,76,0,4,5
279282,279062,220,61,159,0,9,10
275963,275747,216,0,216,0,15,15
279558,279501,57,0,57,0,7,7
278691,278482,209,0,209,0,11,11
279317,279215,102,0,102,0,7,7
286683,286624,59,0,59,0,7,7
289093,288796,297,82,215,0,5,6
287306,286826,480,0,480,0,17,17
291600,291207,393,0,393,0,14,14
288475,288440,35,13,22,0,3,4
291740,291554,186,0,186,0,9,9
295005,294626,379,0,379,0,17,17
301100,300944,156,0,156,0,4,4
299955,299719,236,0,236,0,3,3
305642,305586,56,0,56,0,5,5
302575,302511,64,0,64,0,5,5
302086,302059,27,0,27,0,2,2
302450,302450,0,0,0,0,0,0
302433,302227,206,87,119,0,3,4
303585,303313,272,0,272,0,10,10
300819,300681,138,69,69,0,3,4
301512,301512,0,0,0,0,0,0
302476,302386,90,0,90,0,5,5
304136,304052,84,0,84,0,4,4
307465,307453,12,0,12,0,1,1
306937,306931,6,0,6,0,1,1
306364,306349,15,0,15,0,1,1
303907,303907,0,0,0,0,0,0
304309,304305,4,0,4,0,1,1
301539,301539,0,0,0,0,0,0
301633,301582,51,44,7,0,1,2
306480,306026,454,57,397,0,12,13
304272,303706,566,76,490,0,11,12
300202,298869,1333,0,1333,0,19,19
301595,301353,242,0,242,0,12,12
306046,305804,242,0,242,0,9,9
304353,304206,147,0,147,0,2,2
304648,303935,713,0,713,0,18,18
304623,303994,629,0,629,0,17,17
305553,305553,0,0,0,0,0,0
302030,301696,334,0,334,0,14,14
300617,300568,49,49,0,0,0,1
303631,303582,49,30,19,0,2,3
304712,304556,156,57,99,0,5,6
304796,304785,11,0,11,0,2,2
303606,303603,3,0,3,0,1,1
304535,304479,56,0,56,0,2,2
305502,305076,426,312,114,0,6,7
305699,305621,78,78,0,0,0,1
305741,305534,207,107,100,0,5,6
301671,301671,0,0,0,0,0,0
300465,300465,0,0,0,0,0,0
297641,297578,63,62,1,0,1,2
295177,295126,51,0,51,0,2,2
290894,290846,48,0,48,0,4,4
291837,291791,46,0,46,0,2,2
285683,285645,38,38,0,0,0,1
283208,283157,51,0,51,0,5,5
283230,283120,110,0,110,0,7,7
279868,279854,14,0,14,0,1,1
280571,280571,0,0,0,0,0,0
286720,286462,258,0,258,0,9,9
286987,286899,88,51,37,0,1,2
284396,284384,12,0,12,0,2,2
282435,282148,287,0,287,0,9,9
281982,281656,326,0,326,0,11,11
283115,283096,19,0,19,0,1,1
282913,282903,10,0,10,0,1,1
284010,283459,551,42,509,0,15,16
280772,280665,107,0,107,0,8,8
279096,279088,8,0,8,0,2,2
283185,283175,10,0,10,0,1,1
287436,287223,213,0,213,0,6,6
292036,291847,189,0,189,0,11,11
295828,295798,30,0,30,0,1,1
295984,295984,0,0,0,0,0,0
290749,290620,129,47,82,0,2,3
286877,286877,0,0,0,0,0,0
285950,285950,0,0,0,0,0,0
283527,283508,19,0,19,0,2,2
284075,284057,18,0,18,0,4,4
280697,280626,71,0,71,0,3,3
275251,275251,0,0,0,0,0,0
272861,272861,0,0,0,0,0,0
269450,269063,387,19,368,0,12,13
269454,269454,0,0,0,0,0,0
271389,271360,29,0,29,0,2,2
271902,271820,82,82,0,0,0,1
272521,272489,32,0,32,0,4,4
270171,270146,25,0,25,0,2,2
267831,267826,5,0,5,0,2,2
265638,265539,99,0,99,0,6,6
270006,269913,93,0,93,0,6,6
270576,270519,57,49,8,0,2,3
269189,268935,254,0,254,0,14,14
267277,267275,2,0,2,0,2,2
269138,268840,298,0,298,0,15,15
267518,267479,39,39,0,0,0,1
266901,266823,78,0,78,0,3,3
266569,266471,98,0,98,0,6,6
264405,264346,59,0,59,0,5,5
262853,262853,0,0,0,0,0,0
262562,262562,0,0,0,0,0,0
263668,263569,99,34,65,0,6,7
259112,258932,180,0,180,0,11,11
258736,258731,5,0,5,0,1,1
256538,256535,3,0,3,0,1,1
255654,255627,27,0,27,0,2,2
253443,253332,111,105,6,0,3,4
250850,250718,132,123,9,0,2,3
247600,247520,80,70,10,0,2,3
237707,237707,0,0,0,0,0,0
237631,237492,139,0,139,0,6,6
237479,237455,24,0,24,0,1,1
237809,237809,0,0,0,0,0,0
243584,242202,1382,0,1382,0,18,18
244063,243892,171,0,171,0,7,7
245230,245141,89,77,12,0,1,2
243126,243090,36,0,36,0,3,3
243258,242408,850,0,850,0,17,17
242282,241923,359,107,252,0,7,8
239396,239279,117,93,24,0,2,3
240445,239262,1183,0,1183,0,18,18
241093,240927,166,0,166,0,10,10
241175,240918,257,117,140,0,4,5
240422,240414,8,0,8,0,2,2
244080,244010,70,0,70,0,2,2
245131,244455,676,0,676,0,15,15
244676,243422,1254,0,1254,0,19,19
245785,244957,828,0,828,0,19,19
246429,246070,359,0,359,0,11,11
243661,243250,411,0,411,0,13,13
244633,243729,904,0,904,0,16,16
250810,250645,165,0,165,0,5,5
250511,250430,81,0,81,0,4,4
249977,249949,28,0,28,0,3,3
252594,252418,176,0,176,0,10,10
255049,254892,157,84,73,0,4,5
253359,253357,2,0,2,0,2,2
255268,255073,195,0,195,0,6,6
253619,253480,139,114,25,0,1,2
251989,251871,118,0,118,0,9,9
250782,250775,7,0,7,0,1,1
252486,252371,115,76,39,0,2,3
256655,256516,139,0,139,0,2,2
258425,258061,364,132,232,0,7,8
260410,260377,33,0,33,0,3,3
254743,254607,136,0,136,0,10,10
252939,252898,41,0,41,0,4,4
254725,254722,3,0,3,0,2,2
248898,248353,545,0,545,0,15,15
250114,250055,59,0,59,0,5,5
250673,250221,452,63,389,0,13,14
249766,249766,0,0,0,0,0,0
243145,243142,3,0,3,0,1,1
241464,241428,36,0,36,0,1,1
242972,242972,0,0,0,0,0,0
236698,236600,98,96,2,0,2,3
234794,234794,0,0,0,0,0,0
235777,235686,91,0,91,0,5,5
239130,239027,103,103,0,0,0,1
238473,238473,0,0,0,0,0,0
238078,238078,0,0,0,0,0,0
238556,238439,117,115,2,0,1,2
238143,238100,43,0,43,0,3,3
235693,235672,21,0,21,0,1,1
235008,235007,1,0,1,0,1,1
235413,235102,311,161,150,0,1,2
235950,235881,69,0,69,0,2,2
234666,234635,31,0,31,0,3,3
237850,237850,0,0,0,0,0,0
240284,240284,0,0,0,0,0,0
239350,239207,143,0,143,0,3,3
238702,238678,24,0,24,0,2,2
241210,241052,158,0,158,0,5,5
241619,241552,67,53,14,0,3,4
240931,240754,177,0,177,0,4,4
244044,243866,178,104,74,0,4,5
243737,243582,155,0,155,0,3,3
247724,247501,223,38,185,0,6,7
249934,249786,148,0,148,0,9,9
249371,249243,128,0,128,0,6,6
244181,244151,30,0,30,0,2,2
246873,246740,133,0,133,0,9,9
247725,247464,261,0,261,0,13,13
247561,247420,141,0,141,0,3,3
248512,248477,35,0,35,0,2,2
254841,254678,163,141,22,0,3,4
255819,255807,12,0,12,0,1,1
252632,252125,507,0,507,0,17,17
253742,253719,23,0,23,0,2,2
257209,257136,73,24,49,0,4,5
256706,256635,71,0,71,0,4,4
259169,259116,53,0,53,0,2,2
256679,256679,0,0,0,0,0,0
259596,259596,0,0,0,0,0,0
258603,258603,0,0,0,0,0,0
255747,255743,4,0,4,0,1,1
256659,256657,2,0,2,0,1,1
255216,255153,63,0,63,0,3,3
255189,255123,66,0,66,0,2,2
253880,253866,14,0,14,0,1,1
252997,252945,52,46,6,0,2,3
252220,252220,0,0,0,0,0,0
251362,251238,124,0,124,0,12,12
254022,253770,252,0,252,0,6,6
254969,254798,171,0,171,0,13,13
253960,253881,79,0,79,0,3,3
256438,256436,2,0,2,0,1,1
254017,253876,141,0,141,0,9,9
253046,252714,332,44,288,0,12,13
253785,253592,193,13,180,0,14,15
252435,252393,42,40,2,0,1,2
250602,250595,7,0,7,0,1,1
251763,251367,396,0,395,1,19,19
249034,248899,135,0,135,0,9,9
246867,246827,40,0,40,0,1,1
247489,247295,194,0,194,0,18,18
247881,247532,349,0,349,0,18,18
245855,245845,10,0,10,0,1,1
245175,245149,26,0,26,0,2,2
249343,249164,179,81,98,0,2,3
245178,244859,319,0,319,0,16,16
243884,243787,97,0,97,0,2,2
243808,243808,0,0,0,0,0,0
243277,243277,0,0,0,0,0,0
237498,237379,119,0,119,0,7,7
235220,235217,3,0,3,0,2,2
235330,235327,3,0,3,0,2,2
230921,230711,210,0,210,0,9,9
231286,230888,398,0,398,0,16,16
231654,231176,478,0,478,0,18,18
232595,232554,41,0,41,0,2,2
232013,231963,50,0,50,0,8,8
229192,229081,111,0,111,0,8,8
227385,227364,21,0,21,0,3,3
226874,226791,83,0,83,0,3,3
228599,228552,47,0,47,0,1,1
229382,228833,549,0,549,0,16,16
226798,226766,32,0,32,0,3,3
224003,223876,127,0,127,0,5,5
227534,227501,33,0,33,0,5,5
224532,224532,0,0,0,0,0,0
226202,226152,50,50,0,0,0,1
224084,224047,37,0,37,0,3,3
225323,225255,68,53,15,0,1,2
223208,223202,6,0,6,0,1,1
224732,224732,0,0,0,0,0,0
229345,229262,83,81,2,0,1,2
227635,227600,35,0,35,0,3,3
228892,228888,4,0,4,0,1,1
225154,225095,59,0,59,0,2,2
229320,229083,237,0,237,0,12,12
229116,229105,11,0,11,0,2,2
230219,230219,0,0,0,0,0,0
232865,232829,36,0,36,0,2,2
231797,231767,30,22,8,0,1,2
233090,233063,27,0,27,0,2,2
240473,240471,2,0,2,0,1,1
244867,244867,0,0,0,0,0,0
247823,247823,0,0,0,0,0,0
249321,249244,77,0,77,0,2,2
254268,254222,46,0,46,0,4,4
256604,256575,29,0,29,0,1,1
257420,257232,188,0,188,0,8,8
262549,262418,131,0,131,0,8,8
265557,265520,37,0,37,0,2,2
267952,267669,283,0,283,0,16,16
274560,274556,4,0,4,0,1,1
273215,273156,59,59,0,0,0,1
276809,276778,31,0,31,0,2,2
278635,278560,75,75,0,0,0,1
282575,282508,67,0,67,0,1,1
283768,283751,17,0,17,0,2,2
286387,286381,6,0,6,0,2,2
295747,295668,79,0,79,0,5,5
300808,300715,93,0,93,0,4,4
303076,302973,103,0,103,0,7,7
318467,317823,644,0,644,0,15,15
320195,320194,1,0,1,0,1,1
325721,325546,175,0,175,0,11,11
339797,339167,630,0,630,0,14,14
342332,342311,21,0,21,0,1,1
348882,348831,51,0,51,0,4,4
360618,360011,607,59,548,0,14,15
363020,362815,205,102,103,0,6,7
363907,363792,115,101,14,0,1,2
362825,362825,0,0,0,0,0,0
364022,362804,1218,58,1160,0,17,18
373517,373313,204,99,105,0,3,4
378973,378973,0,0,0,0,0,0
375117,375081,36,0,36,0,1,1
373669,373665,4,0,4,0,1,1
376083,375768,315,0,315,0,5,5
379475,379452,23,0,23,0,1,1
377495,377077,418,0,418,0,14,14
374653,373270,1383,0,1383,0,19,19
377749,377376,373,0,373,0,13,13
382446,382446,0,0,0,0,0,0
379947,379082,865,0,865,0,14,14
380205,379899,306,0,306,0,12,12
381086,381086,0,0,0,0,0,0
382472,382207,265,0,265,0,7,7
390066,389653,413,48,365,0,11,12
387078,386803,275,0,275,0,10,10
389474,389427,47,0,47,0,2,2
390170,390030,140,135,5,0,1,2
383528,383263,265,74,191,0,8,9
387606,387509,97,0,97,0,6,6
382958,382858,100,0,100,0,7,7
387289,387255,34,0,34,0,3,3
386162,386162,0,0,0,0,0,0
390808,390771,37,12,25,0,4,5
394588,394538,50,0,50,0,4,4
389657,389496,161,65,96,0,3,4
548063,546159,1904,0,1904,0,19,19
546688,546444,244,193,51,0,2,3
538582,538582,0,0,0,0,0,0
547371,546912,459,0,459,0,11,11
547082,546772,310,0,310,0,3,3
563193,562532,661,215,446,0,7,8
555631,554697,934,0,934,0,14,14
564494,564331,163,163,0,0,0,1
560279,560163,116,116,0,0,0,1
565166,565036,130,96,34,0,2,3
555442,554918,524,0,524,0,12,12
569219,569198,21,0,21,0,1,1
562926,562715,211,142,69,0,5,6
558270,558180,90,0,90,0,1,1
558876,557891,985,173,812,0,10,11
562535,562535,0,0,0,0,0,0
