coverage,wt.counts,mut.count,s.count,ns.count,stp.count,aa.sampled,codons.sampled
211706,211593,113,0,113,0,15,15
211446,211398,48,47,1,0,1,2
209887,209733,154,0,154,0,13,13
208786,208352,434,57,377,0,16,17
213625,213596,29,0,29,0,2,2
210370,210144,226,0,226,0,13,13
209219,208839,380,0,380,0,14,14
208088,207832,256,0,256,0,15,15
206192,206152,40,16,24,0,2,3
209995,209908,87,0,87,0,11,11
209873,209834,39,0,39,0,3,3
152441,152402,39,20,19,0,1,2
152688,152688,0,0,0,0,0,0
156078,156076,2,0,2,0,1,1
160342,160318,24,0,24,0,2,2
165882,165588,294,0,294,0,19,19
167262,167095,167,0,167,0,17,17
171608,171112,496,0,496,0,19,19
172222,172148,74,0,74,0,2,2
177634,177476,158,29,129,0,10,11
177677,177336,341,0,341,0,19,19
178110,177972,138,0,138,0,12,12
175631,175256,375,0,375,0,17,17
179359,179310,49,0,49,0,3,3
181033,180889,144,29,115,0,11,12
181655,181498,157,0,157,0,7,7
183982,183458,524,0,524,0,18,18
184458,184187,271,0,271,0,17,17
187776,187294,482,0,482,0,18,18
190326,189677,649,0,649,0,16,16
192110,191892,218,0,218,0,16,16
197286,197177,109,0,109,0,8,8
199332,199330,2,0,2,0,1,1
200953,200709,244,0,244,0,15,15
205348,205174,174,0,174,0,11,11
205785,205665,120,0,120,0,3,3
206335,205866,469,0,469,0,18,18
210940,210928,12,0,12,0,1,1
212183,212068,115,37,78,0,2,3
212163,211985,178,13,165,0,7,8
212543,211856,687,0,687,0,18,18
213835,213727,108,53,55,0,3,4
212206,212039,167,0,167,0,5,5
209545,209386,159,0,159,0,12,12
209387,209129,258,30,228,0,13,14
205680,205259,421,0,421,0,19,19
199299,198787,512,0,512,0,18,18
199096,199028,68,0,68,0,7,7
199688,199323,365,32,333,0,12,13
202596,202097,499,0,499,0,18,18
202322,202272,50,0,50,0,2,2
202496,202439,57,0,57,0,6,6
202954,202545,409,0,409,0,17,17
199822,199324,498,0,498,0,18,18
195406,195263,143,0,143,0,10,10
196629,196462,167,0,167,0,10,10
200173,200117,56,0,56,0,3,3
202453,202217,236,49,187,0,8,9
205369,205028,341,0,341,0,15,15
207227,206910,317,0,317,0,17,17
208293,208015,278,0,278,0,17,17
212624,211888,736,0,736,0,18,18
212418,211901,517,0,517,0,18,18
214996,214503,493,48,445,0,14,15
218923,218365,558,0,558,0,19,19
219345,218962,383,25,358,0,18,19
224516,223928,588,0,588,0,19,19
227049,226866,183,0,183,0,12,12
229064,229039,25,0,25,0,3,3
231162,231003,159,0,159,0,6,6
231290,231136,154,0,154,0,13,13
230053,230004,49,0,49,0,3,3
231303,231018,285,76,209,0,8,9
232251,232207,44,33,11,0,1,2
232109,231984,125,0,125,0,8,8
230792,230780,12,0,12,0,2,2
233123,233118,5,0,5,0,2,2
237402,237261,141,0,141,0,8,8
237211,237094,117,44,73,0,4,5
237761,237742,19,0,19,0,3,3
240233,240233,0,0,0,0,0,0
238784,238424,360,26,334,0,8,9
239612,239564,48,0,48,0,1,1
240801,240801,0,0,0,0,0,0
238752,238752,0,0,0,0,0,0
235844,235758,86,0,86,0,6,6
236681,236357,324,65,259,0,6,7
236997,236835,162,0,162,0,5,5
235235,235182,53,0,53,0,4,4
235015,234940,75,0,75,0,5,5
236384,236158,226,0,226,0,10,10
237735,237646,89,0,89,0,6,6
237476,237314,162,0,162,0,6,6
241255,241050,205,0,205,0,7,7
240540,240367,173,0,173,0,5,5
234101,234023,78,0,78,0,6,6
235170,234998,172,0,172,0,8,8
234056,233967,89,40,49,0,6,7
232212,232129,83,0,83,0,4,4
233764,233764,0,0,0,0,0,0
239228,239195,33,0,33,0,3,3
241171,241119,52,0,52,0,5,5
239483,239481,2,0,2,0,1,1
241480,241479,1,0,1,0,1,1
241452,241402,50,0,50,0,3,3
239119,239119,0,0,0,0,0,0
244265,244124,141,0,141,0,5,5
246147,246146,1,0,1,0,1,1
245680,245093,587,0,587,0,14,14
244710,244620,90,0,90,0,9,9
247061,246212,849,0,849,0,19,19
248868,247943,925,0,925,0,19,19
247005,246759,246,0,246,0,17,17
247586,247075,511,0,511,0,18,18
255276,254977,299,76,223,0,15,16
255822,255674,148,0,148,0,5,5
257000,257000,0,0,0,0,0,0
257602,257588,14,0,14,0,2,2
262982,262803,179,92,87,0,3,4
264583,264518,65,50,15,0,1,2
265194,265075,119,0,119,0,13,13
267791,267791,0,0,0,0,0,0
268870,268758,112,0,112,0,10,10
265596,265582,14,0,14,0,3,3
269137,269131,6,0,6,0,1,1
266462,266461,1,0,1,0,1,1
269837,269836,1,0,1,0,1,1
265607,265324,283,0,283,0,12,12
271133,271132,1,0,1,0,1,1
269903,269800,103,0,103,0,9,9
275708,275708,0,0,0,0,0,0
278357,278339,18,0,18,0,2,2
277231,277049,182,0,182,0,11,11
280271,280198,73,0,73,0,2,2
277506,277413,93,0,93,0,5,5
276925,276900,25,0,25,0,2,2
278164,278102,62,0,62,0,2,2
281633,281531,102,67,35,0,3,4
284543,284535,8,0,8,0,1,1
279413,279216,197,98,99,0,5,6
283228,282596,632,57,575,0,17,18
285698,285461,237,0,237,0,10,10
286723,286461,262,0,262,0,6,6
287029,286738,291,0,291,0,16,16
289069,289060,9,0,9,0,1,1
288957,288732,225,0,225,0,16,16
284651,284505,146,0,146,0,14,14
288302,288302,0,0,0,0,0,0
290444,290443,1,0,1,0,1,1
288837,288807,30,0,30,0,1,1
287237,287237,0,0,0,0,0,0
287563,287524,39,0,39,0,3,3
287060,286980,80,56,24,0,2,3
285213,285213,0,0,0,0,0,0
287449,287345,104,0,104,0,3,3
284273,284235,38,0,38,0,4,4
286165,286064,101,0,101,0,8,8
281867,281734,133,76,57,0,5,6
279547,279504,43,0,43,0,7,7
280462,280340,122,0,122,0,4,4
281833,281807,26,0,26,0,2,2
282866,282749,117,59,58,0,4,5
283284,283284,0,0,0,0,0,0
283323,283245,78,44,34,0,4,5
280532,280519,13,0,13,0,1,1
277544,277508,36,0,36,0,1,1
279186,278779,407,0,407,0,17,17
278016,278010,6,0,6,0,2,2
280647,280631,16,0,16,0,2,2
275878,275310,568,0,568,0,19,19
280426,279898,528,0,528,0,17,17
279419,279331,88,0,88,0,3,3
281543,281077,466,62,404,0,17,18
282435,282074,361,0,361,0,7,7
281390,281238,152,0,152,0,14,14
280403,279927,476,0,476,0,15,15
278954,278339,615,0,615,0,18,18
277451,276687,764,0,764,0,19,19
275788,275611,177,0,177,0,7,7
275643,275006,637,0,637,0,19,19
280033,279955,78,0,78,0,5,5
281692,280885,807,77,730,0,18,19
277244,277137,107,0,107,0,16,16
271588,271533,55,0,55,0,7,7
269979,269742,237,0,237,0,15,15
274076,273967,109,0,109,0,11,11
272785,272683,102,78,24,0,2,3
267821,267648,173,0,173,0,12,12
274486,274442,44,0,44,0,7,7
273744,273045,699,0,699,0,19,19
274640,274432,208,0,208,0,14,14
271132,270929,203,0,203,0,14,14
273593,273209,384,0,384,0,15,15
276013,276013,0,0,0,0,0,0
275131,275049,82,82,0,0,0,1
274394,274392,2,0,2,0,1,1
276983,276790,193,75,118,0,3,4
281059,280926,133,0,133,0,5,5
281055,280843,212,94,118,0,5,6
283727,283537,190,65,125,0,6,7
283861,283646,215,0,215,0,9,9
282800,282670,130,60,70,0,5,6
282743,282174,569,0,569,0,18,18
281553,281452,101,58,43,0,3,4
281419,281375,44,0,44,0,7,7
280144,279896,248,0,248,0,15,15
281933,281920,13,0,13,0,2,2
281851,281796,55,0,55,0,2,2
279757,279627,130,130,0,0,0,1
279488,279488,0,0,0,0,0,0
278762,278738,24,0,24,0,2,2
271266,271225,41,41,0,0,0,1
273626,273577,49,0,49,0,6,6
273047,273004,43,0,43,0,3,3
269654,269503,151,67,84,0,5,6
269143,268888,255,0,255,0,18,18
267419,267110,309,0,309,0,15,15
265367,265254,113,0,113,0,10,10
261250,260715,535,0,535,0,18,18
261439,260986,453,0,453,0,16,16
265215,264873,342,0,342,0,17,17
264542,264360,182,0,182,0,13,13
263125,262769,356,0,356,0,12,12
261418,261281,137,0,137,0,10,10
261651,261608,43,0,43,0,2,2
257908,257827,81,0,81,0,8,8
261279,261228,51,50,1,0,1,2
262840,262817,23,0,23,0,3,3
262236,262224,12,0,12,0,2,2
262197,262175,22,0,22,0,3,3
262783,262765,18,0,18,0,2,2
262165,262025,140,24,116,0,11,12
263557,263508,49,0,49,0,6,6
267598,267581,17,0,17,0,2,2
269230,269229,1,0,1,0,1,1
271423,271337,86,0,86,0,7,7
273200,273188,12,0,12,0,1,1
270205,270133,72,0,72,0,2,2
271242,271206,36,0,36,0,1,1
272926,272926,0,0,0,0,0,0
272221,272221,0,0,0,0,0,0
272052,272052,0,0,0,0,0,0
274113,273898,215,0,215,0,15,15
271993,271993,0,0,0,0,0,0
273817,273505,312,0,312,0,16,16
273943,273766,177,0,177,0,15,15
271932,271898,34,0,34,0,2,2
273103,273103,0,0,0,0,0,0
271248,271239,9,0,9,0,2,2
269273,269216,57,30,27,0,2,3
268913,268768,145,0,145,0,9,9
272538,272510,28,28,0,0,0,1
274589,274539,50,0,50,0,3,3
277940,277940,0,0,0,0,0,0
281822,281501,321,0,321,0,16,16
282947,282942,5,0,5,0,2,2
279881,279875,6,0,6,0,1,1
276384,276275,109,0,109,0,11,11
278507,278462,45,43,2,0,1,2
279461,279395,66,0,66,0,5,5
282378,282312,66,56,10,0,2,3
289676,289652,24,0,24,0,2,2
288255,288255,0,0,0,0,0,0
290324,290320,4,0,4,0,2,2
288094,288094,0,0,0,0,0,0
287345,287345,0,0,0,0,0,0
286402,286402,0,0,0,0,0,0
288991,288938,53,42,11,0,1,2
290975,290944,31,0,31,0,3,3
292435,292435,0,0,0,0,0,0
295436,295435,1,0,1,0,1,1
300728,300726,2,0,2,0,1,1
301748,301748,0,0,0,0,0,0
304462,304462,0,0,0,0,0,0
306098,306043,55,0,55,0,2,2
303625,303580,45,45,0,0,0,1
304463,304425,38,0,38,0,5,5
303329,303143,186,40,146,0,6,7
299430,299368,62,0,62,0,4,4
298703,298702,1,0,1,0,1,1
298353,298299,54,0,54,0,3,3
300311,300311,0,0,0,0,0,0
299761,299654,107,42,65,0,2,3
296502,296502,0,0,0,0,0,0
300301,300274,27,0,27,0,2,2
297112,297111,1,0,1,0,1,1
297940,297939,1,0,1,0,1,1
294590,294590,0,0,0,0,0,0
294345,294345,0,0,0,0,0,0
281555,281548,7,0,7,0,1,1
288986,288986,0,0,0,0,0,0
285761,285748,13,0,13,0,3,3
283348,283347,1,0,1,0,1,1
282875,282874,1,0,1,0,1,1
283981,283981,0,0,0,0,0,0
288380,288273,107,20,87,0,1,2
288842,288842,0,0,0,0,0,0
289744,289672,72,0,72,0,11,11
290304,290271,33,25,8,0,1,2
293149,293086,63,12,51,0,6,7
291283,291154,129,0,129,0,13,13
291651,291405,246,0,246,0,14,14
292120,292120,0,0,0,0,0,0
289116,289116,0,0,0,0,0,0
291101,290859,242,0,242,0,9,9
287666,287566,100,0,100,0,6,6
286842,286297,545,0,545,0,19,19
283229,283229,0,0,0,0,0,0
284473,284471,2,0,2,0,1,1
280974,280502,472,0,472,0,18,18
277452,277366,86,0,86,0,3,3
280518,279961,557,0,557,0,18,18
276745,276495,250,0,250,0,13,13
275437,275194,243,0,243,0,12,12
274501,274226,275,0,275,0,17,17
272266,271536,730,32,698,0,19,20
269012,268827,185,68,117,0,5,6
269342,268811,531,0,531,0,19,19
270073,269398,675,0,675,0,19,19
267304,266979,325,0,325,0,16,16
273063,273021,42,0,42,0,8,8
281331,281232,99,0,99,0,4,4
282978,282925,53,0,53,0,12,12
283274,282971,303,0,303,0,17,17
286200,286155,45,0,45,0,3,3
283738,283597,141,0,141,0,10,10
286409,285893,516,0,516,0,14,14
287591,287523,68,0,68,0,11,11
288124,287382,742,69,673,0,19,20
287443,287073,370,0,370,0,17,17
287437,287359,78,0,78,0,1,1
285312,285232,80,0,80,0,4,4
283921,283698,223,47,176,0,5,6
284810,284489,321,0,321,0,14,14
284021,284000,21,0,21,0,7,7
286657,286606,51,49,2,0,1,2
287112,287050,62,0,62,0,5,5
285832,285771,61,0,61,0,1,1
280619,280423,196,0,196,0,9,9
278621,277736,885,0,885,0,19,19
274116,273980,136,0,136,0,6,6
272240,272240,0,0,0,0,0,0
276296,275827,469,0,469,0,19,19
280125,280112,13,0,13,0,1,1
275772,274940,832,0,832,0,18,18
275541,275447,94,0,94,0,11,11
279624,279495,129,0,129,0,11,11
277915,277915,0,0,0,0,0,0
277463,277405,58,0,58,0,4,4
280272,280216,56,0,56,0,4,4
279061,278973,88,63,25,0,4,5
279062,278458,604,56,548,0,17,18
277680,277156,524,71,453,0,18,19
278431,277905,526,0,526,0,18,18
275721,275719,2,0,2,0,1,1
277558,277294,264,0,264,0,19,19
273049,272980,69,69,0,0,0,1
271221,271031,190,73,117,0,6,7
265138,264800,338,0,338,0,17,17
264655,264218,437,0,437,0,17,17
257499,257254,245,0,245,0,14,14
253646,253644,2,0,2,0,1,1
257976,257843,133,0,133,0,15,15
256056,255815,241,0,241,0,15,15
257320,257242,78,0,78,0,8,8
254662,254581,81,0,81,0,3,3
257834,257821,13,0,13,0,2,2
258914,258776,138,46,92,0,12,13
258975,258971,4,0,4,0,2,2
258844,258842,2,0,2,0,1,1
255796,255560,236,0,236,0,14,14
257241,257239,2,0,2,0,1,1
262209,262203,6,0,6,0,1,1
262401,262183,218,0,218,0,11,11
264561,264056,505,0,505,0,19,19
267169,266579,590,0,590,0,19,19
268559,267831,728,0,728,0,19,19
269980,269739,241,0,241,0,12,12
276446,276444,2,0,2,0,2,2
279424,279130,294,0,294,0,18,18
280024,279951,73,0,73,0,4,4
279778,279732,46,0,46,0,2,2
276380,275667,713,67,646,0,18,19
277476,277368,108,0,108,0,7,7
278244,278238,6,0,6,0,1,1
277754,277676,78,0,78,0,5,5
281706,281653,53,0,53,0,7,7
283673,283567,106,0,106,0,10,10
281492,281492,0,0,0,0,0,0
279199,279107,92,0,92,0,10,10
278442,278264,178,0,178,0,13,13
281842,281694,148,0,148,0,14,14
277252,277199,53,51,2,0,1,2
279733,279488,245,0,245,0,14,14
280247,280013,234,0,234,0,11,11
284517,284425,92,66,26,0,3,4
286346,286079,267,0,267,0,12,12
290348,290328,20,0,20,0,3,3
292479,292222,257,31,226,0,15,16
294380,294189,191,0,191,0,12,12
296657,296222,435,0,435,0,18,18
294870,294784,86,0,86,0,12,12
293857,293735,122,0,122,0,3,3
292419,291966,453,0,453,0,18,18
296352,296271,81,46,35,0,3,4
295974,295715,259,0,259,0,19,19
295383,295209,174,0,174,0,15,15
296446,296424,22,0,22,0,2,2
300131,300098,33,0,33,0,3,3
297883,297882,1,0,1,0,1,1
298063,298063,0,0,0,0,0,0
290607,290554,53,0,53,0,6,6
287842,287318,524,0,524,0,19,19
285669,285669,0,0,0,0,0,0
278512,278454,58,52,6,0,2,3
281031,280875,156,0,156,0,8,8
283410,283311,99,0,99,0,7,7
282106,282005,101,41,60,0,3,4
280727,280712,15,0,15,0,3,3
281171,281030,141,68,73,0,7,8
279993,279656,337,0,337,0,17,17
278259,278209,50,0,50,0,2,2
280043,279971,72,64,8,0,2,3
280937,280934,3,0,3,0,1,1
283165,283165,0,0,0,0,0,0
284157,284091,66,0,66,0,3,3
285346,285346,0,0,0,0,0,0
284865,284861,4,0,4,0,1,1
280579,280474,105,0,105,0,6,6
282187,282033,154,0,154,0,14,14
285885,285631,254,70,184,0,16,17
284248,284233,15,0,15,0,1,1
277494,277407,87,0,87,0,3,3
276027,275950,77,0,77,0,9,9
279839,279838,1,0,1,0,1,1
274418,274338,80,42,38,0,6,7
270371,270351,20,0,20,0,4,4
277869,277827,42,0,42,0,3,3
280342,280271,71,25,46,0,4,5
279549,279402,147,40,107,0,13,14
276259,276089,170,0,170,0,16,16
280021,279971,50,0,50,0,8,8
279250,279038,212,0,212,0,16,16
279807,279722,85,0,85,0,7,7
287822,287766,56,0,56,0,6,6
290817,290586,231,107,124,0,5,6
288374,288026,348,0,348,0,17,17
292720,292415,305,0,305,0,16,16
289186,289111,75,56,19,0,4,5
292548,292469,79,0,79,0,7,7
295935,295672,263,0,263,0,16,16
302490,302410,80,0,80,0,5,5
301620,301457,163,0,163,0,2,2
307402,307347,55,0,55,0,6,6
303533,303482,51,0,51,0,6,6
303213,303202,11,0,11,0,2,2
303502,303502,0,0,0,0,0,0
303556,303489,67,34,33,0,2,3
304277,304105,172,0,172,0,14,14
301414,301293,121,61,60,0,3,4
302092,302092,0,0,0,0,0,0
302950,302912,38,0,38,0,6,6
305011,304962,49,0,49,0,4,4
308336,308328,8,0,8,0,1,1
307857,307846,11,0,11,0,1,1
307036,307017,19,0,19,0,3,3
304237,304236,1,0,1,0,1,1
304802,304800,2,0,2,0,1,1
301700,301699,1,0,1,0,1,1
301555,301486,69,62,7,0,1,2
306107,305779,328,60,268,0,12,13
303947,303492,455,37,418,0,11,12
299799,298475,1324,0,1324,0,19,19
301143,300958,185,0,185,0,11,11
306355,306263,92,0,92,0,8,8
304741,304626,115,0,115,0,3,3
304908,304021,887,0,887,0,18,18
305272,304526,746,0,746,0,18,18
305915,305915,0,0,0,0,0,0
302477,302189,288,0,288,0,14,14
301349,301259,90,90,0,0,0,1
304505,304420,85,61,24,0,2,3
305915,305727,188,73,115,0,4,5
306056,306037,19,0,19,0,2,2
304659,304658,1,0,1,0,1,1
305961,305908,53,0,53,0,3,3
306594,306376,218,70,148,0,6,7
307165,307110,55,55,0,0,0,1
307205,307063,142,25,117,0,5,6
303355,303354,1,0,1,0,1,1
302403,302401,2,0,2,0,1,1
299492,299439,53,51,2,0,1,2
296709,296664,45,0,45,0,4,4
292247,292200,47,0,47,0,5,5
293392,293338,54,0,54,0,5,5
287010,286965,45,45,0,0,0,1
284582,284525,57,0,57,0,6,6
284331,284201,130,0,130,0,10,10
281485,281461,24,0,24,0,1,1
281925,281925,0,0,0,0,0,0
288254,288007,247,0,247,0,14,14
288452,288355,97,53,44,0,1,2
285664,285645,19,0,19,0,2,2
283762,283590,172,0,172,0,9,9
283525,283140,385,0,385,0,13,13
284951,284920,31,0,31,0,3,3
284282,284273,9,0,9,0,1,1
285748,285192,556,53,503,0,17,18
282353,282258,95,0,95,0,8,8
280461,280448,13,0,13,0,1,1
284729,284726,3,0,3,0,1,1
289772,289564,208,0,208,0,8,8
294924,294665,259,0,259,0,13,13
298857,298806,51,0,51,0,3,3
299231,299231,0,0,0,0,0,0
293969,293838,131,66,65,0,2,3
290541,290540,1,0,1,0,1,1
289535,289535,0,0,0,0,0,0
286767,286759,8,0,8,0,1,1
287359,287340,19,0,19,0,4,4
283663,283608,55,0,55,0,3,3
277784,277784,0,0,0,0,0,0
275347,275346,1,0,1,0,1,1
271689,271248,441,49,392,0,14,15
271900,271900,0,0,0,0,0,0
273815,273784,31,0,31,0,2,2
274950,274878,72,72,0,0,0,1
275942,275884,58,0,58,0,9,9
273645,273624,21,0,21,0,2,2
270997,270991,6,0,6,0,1,1
268623,268466,157,0,157,0,9,9
273390,273308,82,0,82,0,6,6
273622,273575,47,40,7,0,2,3
272246,272017,229,0,229,0,18,18
270434,270412,22,0,22,0,9,9
272555,272292,263,0,263,0,16,16
270834,270770,64,64,0,0,0,1
270666,270615,51,0,51,0,4,4
270258,270134,124,0,124,0,7,7
268128,268090,38,0,38,0,5,5
266432,266432,0,0,0,0,0,0
266050,266050,0,0,0,0,0,0
267586,267406,180,29,151,0,8,9
263334,263192,142,0,142,0,10,10
263096,263066,30,0,30,0,1,1
260741,260739,2,0,2,0,1,1
259820,259807,13,0,13,0,2,2
257139,257080,59,53,6,0,2,3
254189,254132,57,48,9,0,2,3
250745,250678,67,67,0,0,0,1
240762,240760,2,0,2,0,1,1
240047,239985,62,0,62,0,8,8
240234,240212,22,0,22,0,1,1
240684,240684,0,0,0,0,0,0
246595,245851,744,0,744,0,18,18
247263,247194,69,0,69,0,8,8
248382,248349,33,32,1,0,1,2
245874,245838,36,0,36,0,5,5
245987,245562,425,0,425,0,17,17
244924,244735,189,41,148,0,7,8
241614,241559,55,39,16,0,3,4
242409,241851,558,0,558,0,18,18
242889,242851,38,0,38,0,5,5
242915,242738,177,59,118,0,4,5
242090,242088,2,0,2,0,1,1
246502,246468,34,0,34,0,2,2
247305,246978,327,0,327,0,15,15
246736,246001,735,0,735,0,19,19
247714,247254,460,0,460,0,19,19
248347,248171,176,0,176,0,11,11
245441,245282,159,0,159,0,11,11
246616,246025,591,0,591,0,16,16
253327,253240,87,0,87,0,7,7
253056,252997,59,0,59,0,4,4
252416,252400,16,0,16,0,5,5
255017,254919,98,0,98,0,11,11
257587,257489,98,40,58,0,4,5
255738,255736,2,0,2,0,1,1
257640,257575,65,0,65,0,9,9
256172,256132,40,30,10,0,1,2
254156,254052,104,0,104,0,9,9
252938,252929,9,0,9,0,1,1
254541,254470,71,44,27,0,2,3
259296,259231,65,0,65,0,3,3
261279,261114,165,50,115,0,6,7
263307,263284,23,0,23,0,5,5
257446,257351,95,0,95,0,11,11
256074,256030,44,0,44,0,4,4
257218,257216,2,0,2,0,2,2
251230,250964,266,0,266,0,15,15
252413,252367,46,0,46,0,4,4
252741,252512,229,25,204,0,13,14
251500,251500,0,0,0,0,0,0
244612,244612,0,0,0,0,0,0
242783,242744,39,0,39,0,1,1
243763,243763,0,0,0,0,0,0
237053,237004,49,47,2,0,1,2
235716,235716,0,0,0,0,0,0
236796,236780,16,0,16,0,4,4
240507,240438,69,69,0,0,0,1
239703,239703,0,0,0,0,0,0
239833,239833,0,0,0,0,0,0
240143,240083,60,60,0,0,0,1
239802,239789,13,0,13,0,2,2
236459,236446,13,0,13,0,1,1
236070,236069,1,0,1,0,1,1
236391,236307,84,32,52,0,2,3
237140,237070,70,0,70,0,2,2
236142,236120,22,0,22,0,3,3
239443,239443,0,0,0,0,0,0
242274,242273,1,0,1,0,1,1
241498,241445,53,0,53,0,3,3
240781,240767,14,0,14,0,2,2
243277,243187,90,0,90,0,4,4
243801,243734,67,46,21,0,2,3
243427,243344,83,0,83,0,4,4
246708,246623,85,49,36,0,3,4
246947,246824,123,0,123,0,3,3
250889,250704,185,66,119,0,10,11
253207,253130,77,0,77,0,7,7
252157,252052,105,0,105,0,6,6
247129,247122,7,0,7,0,1,1
249260,249200,60,0,60,0,8,8
250064,249911,153,0,153,0,12,12
250001,249946,55,0,55,0,3,3
251035,251025,10,0,10,0,1,1
257281,257217,64,41,23,0,3,4
258184,258175,9,0,9,0,2,2
254735,254297,438,0,438,0,17,17
255876,255843,33,0,33,0,3,3
259106,258974,132,46,86,0,9,10
258871,258814,57,0,57,0,3,3
261774,261733,41,0,41,0,3,3
259010,259010,0,0,0,0,0,0
262229,262227,2,0,2,0,1,1
260893,260893,0,0,0,0,0,0
257942,257937,5,0,5,0,1,1
258890,258888,2,0,2,0,1,1
257094,257052,42,0,42,0,4,4
256946,256889,57,0,57,0,2,2
255843,255821,22,0,22,0,3,3
254850,254764,86,67,19,0,4,5
253892,253892,0,0,0,0,0,0
252857,252776,81,0,81,0,13,13
255534,255323,211,0,211,0,11,11
256306,256110,196,0,196,0,15,15
255862,255809,53,0,53,0,4,4
257678,257675,3,0,3,0,1,1
255440,255281,159,0,159,0,8,8
254262,254010,252,51,201,0,14,15
254592,254443,149,26,123,0,15,16
253503,253466,37,34,3,0,1,2
251851,251835,16,0,16,0,1,1
252550,252158,392,0,392,0,18,18
249589,249480,109,0,109,0,8,8
247467,247426,41,0,41,0,2,2
248057,247826,231,0,231,0,16,16
248877,248440,437,0,437,0,18,18
246511,246508,3,0,3,0,1,1
246027,246007,20,0,20,0,1,1
250229,250119,110,26,84,0,3,4
246320,246148,172,0,172,0,16,16
244937,244901,36,0,36,0,3,3
245298,245298,0,0,0,0,0,0
244504,244504,0,0,0,0,0,0
238605,238448,157,0,157,0,9,9
236273,236263,10,0,10,0,4,4
236344,236340,4,0,4,0,2,2
231921,231809,112,0,112,0,10,10
232421,232055,366,0,366,0,16,16
232705,232302,403,0,403,0,18,18
233809,233726,83,0,83,0,3,3
233029,232967,62,0,62,0,12,12
230056,229973,83,0,83,0,12,12
228353,228283,70,0,70,0,3,3
228027,227954,73,0,73,0,3,3
229427,229383,44,0,44,0,1,1
230166,229682,484,0,484,0,18,18
227724,227699,25,0,25,0,2,2
224651,224490,161,0,161,0,5,5
228136,228099,37,0,37,0,5,5
225037,225037,0,0,0,0,0,0
226510,226478,32,32,0,0,0,1
224458,224426,32,0,32,0,2,2
225514,225474,40,25,15,0,2,3
223503,223485,18,0,18,0,2,2
225022,225022,0,0,0,0,0,0
229676,229631,45,45,0,0,0,1
227977,227964,13,0,13,0,4,4
228877,228876,1,0,1,0,1,1
225381,225334,47,0,47,0,3,3
229566,229430,136,0,136,0,13,13
229381,229358,23,0,23,0,1,1
230254,230248,6,0,6,0,3,3
232766,232733,33,0,33,0,2,2
231184,231139,45,33,12,0,1,2
232693,232653,40,0,40,0,2,2
240613,240610,3,0,3,0,1,1
244481,244481,0,0,0,0,0,0
247252,247252,0,0,0,0,0,0
248984,248935,49,0,49,0,3,3
253991,253964,27,0,27,0,4,4
256514,256491,23,0,23,0,1,1
257409,257237,172,0,172,0,10,10
262129,262043,86,0,86,0,5,5
265581,265537,44,0,44,0,2,2
267310,267047,263,0,263,0,14,14
274075,274073,2,0,2,0,2,2
272423,272363,60,60,0,0,0,1
276410,276390,20,0,20,0,3,3
277818,277754,64,64,0,0,0,1
281430,281371,59,0,59,0,2,2
282690,282678,12,0,12,0,1,1
285767,285762,5,0,5,0,2,2
295128,295096,32,0,32,0,3,3
300234,300117,117,0,117,0,6,6
302435,302373,62,0,62,0,5,5
318380,318005,375,0,375,0,15,15
320601,320596,5,0,5,0,2,2
326527,326368,159,0,159,0,15,15
341042,340759,283,0,283,0,14,14
344188,344172,16,0,16,0,1,1
351003,350971,32,0,32,0,4,4
363754,363530,224,72,152,0,15,16
366215,366106,109,38,71,0,3,4
366767,366675,92,70,22,0,1,2
365492,365489,3,0,3,0,1,1
366970,366301,669,65,604,0,17,18
376506,376406,100,65,35,0,3,4
381765,381765,0,0,0,0,0,0
377914,377880,34,0,34,0,2,2
377064,377061,3,0,3,0,1,1
380475,380286,189,0,189,0,4,4
383893,383855,38,0,38,0,1,1
382254,381986,268,0,268,0,12,12
379052,378283,769,0,769,0,19,19
382186,382028,158,0,158,0,12,12
386693,386693,0,0,0,0,0,0
384364,383862,502,0,502,0,15,15
384653,384333,320,0,320,0,13,13
385554,385550,4,0,4,0,1,1
387217,387026,191,0,191,0,6,6
395523,395163,360,54,306,0,11,12
394230,394060,170,0,170,0,13,13
395556,395528,28,0,28,0,2,2
396572,396446,126,115,11,0,2,3
390031,389878,153,48,105,0,10,11
394188,394103,85,0,85,0,4,4
389215,389139,76,0,76,0,9,9
393845,393752,93,0,93,0,6,6
393623,393623,0,0,0,0,0,0
398824,398817,7,0,7,0,4,4
402903,402849,54,0,54,0,8,8
397606,397475,131,29,102,0,5,6
554599,553509,1090,0,1090,0,18,18
553012,552780,232,188,44,0,3,4
544118,544118,0,0,0,0,0,0
553175,552943,232,0,232,0,11,11
553478,553230,248,0,248,0,2,2
569710,569441,269,99,170,0,7,8
562044,561596,448,0,448,0,14,14
571346,571173,173,173,0,0,0,1
565307,565285,22,22,0,0,0,1
570367,570304,63,31,32,0,2,3
561711,561446,265,0,265,0,12,12
574174,574148,26,0,26,0,1,1
568979,568821,158,74,84,0,6,7
562935,562888,47,0,47,0,1,1
563498,563017,481,93,388,0,10,11
567666,567666,0,0,0,0,0,0
