coverage,wt.counts,mut.count,s.count,ns.count,stp.count,aa.sampled,codons.sampled
545608,545108,500,0,500,0,19,19
547225,546758,467,32,435,0,19,20
544716,544274,442,0,442,0,19,19
540643,540194,449,12,437,0,19,20
555323,554822,501,0,477,24,20,20
550226,549575,651,0,651,0,19,19
549349,548892,457,0,457,0,19,19
546986,546494,492,0,492,0,19,19
541750,541261,489,24,465,0,19,20
555111,554582,529,0,493,36,20,20
561489,561141,348,0,348,0,18,18
447268,446850,418,19,399,0,19,20
447933,447536,397,0,397,0,19,19
460257,459952,305,0,305,0,19,19
472024,471700,324,0,324,0,19,19
486394,485989,405,0,405,0,19,19
492804,492442,362,0,362,0,19,19
503045,502646,399,0,399,0,19,19
505317,504947,370,0,347,23,20,20
518081,517586,495,30,465,0,19,20
518291,517813,478,0,449,29,20,20
519001,518621,380,0,380,0,19,19
512663,512254,409,0,386,23,20,20
515097,514707,390,0,390,0,19,19
519611,519184,427,22,405,0,19,20
520374,520006,368,0,368,0,19,19
524656,524256,400,0,400,0,19,19
523408,522935,473,0,473,0,19,19
526945,526480,465,0,436,29,20,20
528992,528619,373,0,373,0,18,18
528363,527886,477,0,477,0,19,19
535919,535549,370,0,370,0,19,19
536703,536322,381,0,381,0,19,19
536385,536045,340,0,340,0,19,19
540915,540554,361,0,361,0,19,19
533659,533205,454,0,454,0,19,19
531353,530950,403,0,403,0,19,19
538495,538164,331,0,331,0,19,19
536865,536367,498,18,480,0,19,20
531598,531134,464,18,446,0,19,20
524967,524547,420,0,388,32,20,20
524378,524016,362,24,338,0,19,20
513678,513287,391,0,391,0,19,19
503109,502691,418,0,418,0,19,19
493611,493287,324,27,297,0,19,20
481409,481039,370,0,346,24,20,20
459761,459443,318,0,318,0,18,18
453437,453034,403,0,379,24,20,20
450327,449712,615,22,593,0,19,20
453399,453026,373,0,351,22,20,20
451192,450816,376,0,355,21,20,20
450622,450327,295,0,295,0,19,19
448965,448588,377,0,357,20,20,20
442020,441636,384,0,358,26,20,20
430392,429991,401,0,385,16,20,20
430341,429997,344,0,344,0,19,19
433908,433595,313,0,313,0,19,19
435739,435347,392,16,376,0,19,20
438493,438210,283,0,283,0,19,19
441486,441215,271,0,271,0,18,18
443353,442992,361,0,333,28,20,20
451700,451379,321,0,321,0,19,19
451072,450711,361,0,361,0,19,19
456647,456226,421,22,399,0,19,20
464604,464134,470,0,470,0,19,19
466328,465825,503,18,485,0,19,20
475338,474806,532,0,498,34,20,20
478496,477913,583,0,583,0,19,19
484417,483852,565,0,538,27,20,20
486220,485717,503,0,477,26,20,20
488749,488247,502,0,502,0,19,19
488740,488286,454,0,454,0,19,19
493274,492700,574,47,527,0,19,20
495733,495189,544,11,533,0,19,20
497042,496619,423,0,423,0,19,19
496634,496217,417,0,417,0,19,19
501640,501225,415,0,415,0,19,19
510974,510516,458,0,458,0,19,19
512215,511784,431,28,403,0,19,20
513610,513137,473,0,473,0,19,19
518018,517619,399,0,399,0,19,19
517652,516807,845,16,829,0,19,20
520098,519481,617,0,617,0,19,19
521483,520887,596,0,596,0,19,19
513592,513006,586,0,586,0,19,19
514903,514371,532,0,509,23,20,20
516162,515506,656,31,625,0,19,20
516353,515754,599,0,569,30,20,20
511393,510856,537,0,537,0,19,19
511837,511234,603,0,603,0,19,19
514146,513712,434,0,434,0,19,19
518627,518023,604,0,604,0,19,19
518170,517523,647,0,647,0,19,19
526210,525514,696,0,696,0,19,19
526204,525543,661,0,661,0,19,19
516862,516288,574,0,574,0,19,19
518691,518210,481,0,481,0,19,19
518999,518506,493,31,462,0,19,20
515924,515325,599,0,599,0,19,19
520591,520077,514,0,514,0,19,19
531919,531370,549,0,549,0,19,19
535583,534994,589,0,589,0,19,19
530632,529960,672,0,654,18,20,20
534401,533868,533,0,533,0,19,19
534892,534330,562,0,562,0,19,19
532127,531520,607,0,607,0,19,19
540815,540250,565,0,565,0,19,19
545485,544911,574,0,574,0,19,19
545680,545034,646,0,617,29,20,20
545885,545368,517,0,517,0,19,19
551251,550650,601,0,601,0,19,19
555249,554595,654,0,654,0,19,19
550290,549614,676,0,676,0,19,19
553873,553229,644,0,644,0,19,19
567150,566404,746,39,707,0,19,20
567764,567026,738,0,716,22,20,20
568334,567759,575,0,575,0,19,19
571667,571045,622,0,622,0,19,19
581253,580270,983,36,947,0,19,20
585031,584186,845,44,801,0,19,20
585408,584705,703,0,661,42,20,20
591515,590781,734,0,734,0,19,19
591392,590592,800,0,762,38,20,20
589292,588660,632,0,609,23,20,20
594855,594117,738,0,675,63,20,20
590618,589949,669,0,669,0,19,19
596591,595907,684,0,684,0,19,19
587298,586712,586,0,586,0,19,19
594029,593422,607,0,607,0,19,19
592458,591706,752,0,699,53,20,20
601031,600414,617,0,617,0,19,19
604480,603929,551,0,551,0,19,19
601343,600751,592,0,592,0,19,19
607097,606394,703,0,703,0,19,19
600341,599520,821,0,821,0,19,19
601504,600674,830,0,830,0,19,19
602606,601755,851,0,814,37,20,20
608519,607629,890,37,853,0,19,20
614792,614143,649,0,649,0,19,19
606940,606227,713,32,681,0,19,20
613145,612365,780,42,738,0,19,20
617005,615958,1047,0,1047,0,19,19
620473,619561,912,0,873,39,20,20
620673,619809,864,0,814,50,20,20
623128,622468,660,0,660,0,19,19
624085,623296,789,0,741,48,20,20
617163,616520,643,0,643,0,19,19
622565,621971,594,0,594,0,19,19
627938,627182,756,0,716,40,20,20
623934,623392,542,0,542,0,19,19
622580,621888,692,0,692,0,19,19
622784,622128,656,0,656,0,18,18
623506,622779,727,34,693,0,19,20
619896,618987,909,0,909,0,19,19
625667,624943,724,0,724,0,19,19
621300,620456,844,0,844,0,19,19
625662,624906,756,0,756,0,19,19
619530,618639,891,43,848,0,19,20
617394,616539,855,0,855,0,19,19
618566,617709,857,0,857,0,19,19
621152,620403,749,0,749,0,19,19
623152,622217,935,48,887,0,19,20
622167,621327,840,0,840,0,19,19
623101,622249,852,51,801,0,19,20
618533,617719,814,0,814,0,18,18
612764,612080,684,0,684,0,19,19
613745,612843,902,0,837,65,20,20
612253,611545,708,0,708,0,19,19
617293,616399,894,0,894,0,19,19
609315,608528,787,0,787,0,19,19
614535,613721,814,0,814,0,19,19
610851,610097,754,0,754,0,19,19
612879,611957,922,39,883,0,19,20
614393,613414,979,0,979,0,19,19
607969,607227,742,0,742,0,19,19
609413,608568,845,0,845,0,19,19
604750,603879,871,0,809,62,20,20
600837,599928,909,0,872,37,20,20
596361,595634,727,0,727,0,19,19
596650,595901,749,0,749,0,19,19
602670,601952,718,0,685,33,20,20
603322,602501,821,33,788,0,19,20
596085,595446,639,0,639,0,19,19
585797,585123,674,0,674,0,19,19
581175,580369,806,0,806,0,19,19
588576,587785,791,0,755,36,20,20
583100,582221,879,64,815,0,19,20
576202,575502,700,0,700,0,19,19
586491,585702,789,0,789,0,19,19
583124,582272,852,0,852,0,19,19
586394,585697,697,0,697,0,19,19
577657,577001,656,0,656,0,19,19
582685,581985,700,0,700,0,19,19
583752,583040,712,0,712,0,19,19
581852,581140,712,40,672,0,19,20
580724,579891,833,0,795,38,20,20
584140,583439,701,47,654,0,19,20
590981,590268,713,0,713,0,19,19
589185,588438,747,38,709,0,19,20
593641,592965,676,35,641,0,19,20
591943,591085,858,0,842,16,20,20
590871,589808,1063,42,1021,0,19,20
589515,588730,785,0,785,0,19,19
586884,585938,946,41,905,0,19,20
584297,583515,782,0,782,0,19,19
584467,583637,830,0,808,22,20,20
586061,585277,784,0,784,0,19,19
586392,585764,628,0,628,0,19,19
583132,582270,862,65,797,0,19,20
583659,582943,716,0,716,0,19,19
581786,581000,786,0,786,0,19,19
568814,567953,861,38,823,0,19,20
572512,571738,774,0,774,0,19,19
572877,572205,672,0,672,0,19,19
569045,568281,764,39,725,0,19,20
567610,567024,586,0,586,0,19,19
564656,563827,829,0,829,0,19,19
562102,561249,853,0,795,58,20,20
555328,554527,801,0,768,33,20,20
557697,556954,743,0,708,35,20,20
563565,562757,808,0,773,35,20,20
564298,563641,657,0,657,0,19,19
561714,560915,799,0,799,0,19,19
558667,557796,871,0,825,46,20,20
560717,559968,749,0,749,0,19,19
554698,553923,775,0,737,38,20,20
560823,560117,706,47,659,0,19,20
563811,563211,600,0,600,0,19,19
561800,561359,441,0,441,0,19,19
564797,564402,395,0,395,0,19,19
567401,566979,422,0,422,0,19,19
566990,566602,388,21,367,0,19,20
570970,570524,446,0,446,0,19,19
578973,578627,346,0,346,0,19,19
583074,582681,393,0,393,0,19,19
586568,586142,426,0,426,0,19,19
590568,590071,497,0,497,0,19,19
585972,585537,435,0,412,23,20,20
583806,583373,433,0,433,0,18,18
592103,591656,447,0,447,0,19,19
592124,591732,392,0,392,0,19,19
593296,592877,419,0,419,0,19,19
597048,596613,435,0,435,0,19,19
594433,594079,354,0,354,0,19,19
599055,598660,395,0,395,0,19,19
599335,598874,461,0,433,28,20,20
596470,596016,454,0,424,30,20,20
600969,600556,413,0,413,0,19,19
598869,598449,420,0,420,0,19,19
598427,597966,461,29,432,0,19,20
597679,597228,451,0,451,0,19,19
604552,604111,441,10,431,0,19,20
609499,609051,448,0,448,0,19,19
614119,613686,433,0,433,0,19,19
623210,622719,491,0,491,0,19,19
625069,624648,421,0,421,0,19,19
620413,619954,459,0,459,0,19,19
614891,614442,449,0,449,0,19,19
617883,617401,482,24,458,0,19,20
616827,616238,589,0,589,0,19,19
622921,622452,469,30,439,0,19,20
635152,634656,496,0,496,0,19,19
632573,632090,483,0,447,36,20,20
636562,636134,428,0,428,0,19,19
619950,619599,351,0,351,0,19,19
632006,631595,411,0,411,0,19,19
627000,626551,449,0,449,0,19,19
630824,630254,570,21,549,0,19,20
636879,636419,460,0,460,0,19,19
638923,638534,389,0,389,0,19,19
643297,642864,433,0,433,0,19,19
651175,650724,451,0,451,0,19,19
652387,651952,435,0,435,0,19,19
656530,656059,471,0,471,0,19,19
659015,658460,555,0,529,26,20,20
652261,651785,476,37,439,0,19,20
653250,652720,530,0,530,0,19,19
651087,650562,525,28,497,0,19,20
643930,643496,434,0,434,0,19,19
641391,640960,431,0,431,0,19,19
638631,638147,484,0,484,0,19,19
641504,641024,480,0,480,0,19,19
641805,641360,445,28,417,0,19,20
637565,637163,402,0,402,0,19,19
642727,642250,477,0,477,0,19,19
636503,636087,416,0,416,0,19,19
640786,640342,444,0,444,0,19,19
636446,636062,384,0,384,0,19,19
635487,634997,490,0,490,0,19,19
595972,595538,434,0,434,0,19,19
623469,623040,429,0,429,0,18,18
618476,617987,489,0,489,0,19,19
613715,613241,474,0,474,0,19,19
611636,611132,504,0,504,0,19,19
615299,614922,377,0,377,0,19,19
622775,622318,457,33,424,0,19,20
622173,621722,451,0,451,0,19,19
623977,623543,434,0,434,0,19,19
625110,624722,388,23,365,0,19,20
629292,628895,397,19,378,0,19,20
625935,625442,493,0,450,43,20,20
625072,624491,581,0,581,0,19,19
624386,623671,715,0,688,27,20,20
618114,617579,535,0,535,0,19,19
618331,617819,512,0,512,0,19,19
614096,613552,544,0,544,0,19,19
613553,612946,607,0,577,30,20,20
605024,604382,642,0,606,36,20,20
610247,609649,598,0,598,0,19,19
604217,603665,552,0,516,36,20,20
598596,598073,523,0,523,0,19,19
601688,601168,520,0,487,33,20,20
594084,593559,525,0,525,0,19,19
592429,591866,563,0,563,0,19,19
590717,590147,570,0,538,32,20,20
586916,586368,548,20,528,0,19,20
580059,579433,626,42,584,0,19,20
577733,577148,585,0,585,0,19,19
583259,582649,610,0,610,0,19,19
577339,576737,602,0,602,0,19,19
587704,586998,706,0,706,0,19,19
598341,597740,601,0,601,0,19,19
600805,600197,608,0,608,0,19,19
601152,600628,524,0,524,0,19,19
605391,604831,560,0,560,0,19,19
600640,600129,511,0,511,0,19,19
604820,604305,515,0,515,0,19,19
606484,605902,582,0,582,0,19,19
606303,605708,595,32,563,0,19,20
606305,605591,714,0,675,39,20,20
606980,606369,611,0,611,0,19,19
600008,599434,574,0,574,0,19,19
600249,599609,640,22,618,0,19,20
602443,601854,589,0,521,68,20,20
598883,598302,581,0,581,0,19,19
604891,604341,550,20,530,0,19,20
605653,605191,462,0,462,0,19,19
604790,604087,703,0,703,0,19,19
596706,596020,686,0,686,0,19,19
594530,594082,448,0,448,0,19,19
587847,587179,668,0,668,0,19,19
583140,582481,659,0,659,0,19,19
592697,592083,614,0,562,52,20,20
599832,599019,813,0,813,0,18,18
587380,586787,593,0,593,0,19,19
591699,590950,749,0,714,35,20,20
599775,599058,717,0,689,28,20,20
598056,597435,621,0,621,0,19,19
596445,595833,612,0,612,0,19,19
601816,601209,607,0,607,0,19,19
602472,601852,620,24,596,0,19,20
602739,602138,601,24,577,0,19,20
600647,600107,540,32,508,0,19,20
603778,602998,780,0,780,0,19,19
600174,599657,517,0,517,0,19,19
603639,603180,459,0,459,0,19,19
595891,595344,547,27,520,0,19,20
593100,592553,547,19,528,0,19,20
580580,580063,517,0,517,0,19,19
580005,579578,427,0,427,0,19,19
567771,567217,554,0,554,0,19,19
564399,563993,406,0,406,0,19,19
571146,570621,525,0,499,26,20,20
566593,566069,524,0,495,29,20,20
567118,566691,427,0,427,0,19,19
562725,562251,474,0,474,0,19,19
567935,567456,479,0,479,0,19,19
570058,569592,466,13,453,0,19,20
569429,568866,563,0,563,0,19,19
569760,569255,505,0,505,0,19,19
564495,563962,533,0,533,0,19,19
567895,567370,525,0,525,0,19,19
577651,577180,471,0,471,0,19,19
580713,580299,414,0,414,0,19,19
586905,586429,476,0,476,0,19,19
590796,590342,454,0,454,0,19,19
592708,592293,415,0,415,0,19,19
595083,594793,290,0,268,22,20,20
607839,607586,253,0,253,0,19,19
614283,613847,436,0,407,29,20,20
613986,613494,492,0,474,18,20,20
613770,613335,435,0,435,0,19,19
609229,608837,392,40,352,0,19,20
611089,610394,695,0,652,43,20,20
612764,612072,692,0,692,0,19,19
610662,610048,614,0,592,22,20,20
616830,616152,678,0,678,0,19,19
620393,619816,577,0,577,0,19,19
616468,615835,633,0,592,41,20,20
610328,609794,534,0,534,0,19,19
609159,608584,575,0,575,0,19,19
614811,614086,725,0,688,37,20,20
605856,605235,621,19,602,0,19,20
607715,607158,557,0,557,0,19,19
607902,607387,515,0,515,0,19,19
612836,612265,571,31,540,0,19,20
616549,616001,548,0,548,0,19,19
621400,620833,567,0,567,0,19,19
625626,625070,556,28,528,0,19,20
627988,627375,613,0,613,0,19,19
631695,631051,644,0,614,30,20,20
629450,628913,537,0,537,0,19,19
625339,624622,717,0,717,0,19,19
622834,622208,626,0,603,23,20,20
631693,631102,591,26,565,0,19,20
631024,630301,723,0,672,51,20,20
628469,627778,691,0,691,0,19,19
627717,627137,580,0,580,0,19,19
633694,633002,692,0,653,39,20,20
623337,622698,639,0,613,26,20,20
630447,629773,674,0,674,0,19,19
619278,618681,597,0,597,0,19,19
613988,613297,691,0,660,31,20,20
612223,611613,610,0,610,0,19,19
600636,600057,579,23,556,0,19,20
606249,605574,675,0,638,37,20,20
611748,611062,686,0,686,0,19,19
609345,608714,631,43,588,0,19,20
607113,606509,604,0,604,0,19,19
608715,608123,592,28,564,0,19,20
604961,604398,563,0,563,0,19,19
601142,600485,657,0,657,0,19,19
606233,605656,577,42,535,0,19,20
607609,607114,495,0,495,0,19,19
611101,610561,540,0,540,0,19,19
611393,610856,537,0,503,34,20,20
612785,612242,543,0,543,0,19,19
609339,608742,597,0,597,0,19,19
604812,604282,530,0,530,0,19,19
606529,605982,547,0,547,0,19,19
611858,611234,624,37,587,0,19,20
609712,609133,579,0,579,0,19,19
600064,599551,513,0,513,0,19,19
596132,595503,629,0,629,0,19,19
602152,601546,606,0,606,0,19,19
592178,591373,805,30,775,0,19,20
585246,584731,515,0,515,0,19,19
596929,596411,518,0,518,0,19,19
600514,599932,582,35,547,0,19,20
598507,597919,588,25,563,0,19,20
591953,591359,594,0,594,0,19,19
596844,596250,594,0,594,0,19,19
594871,594262,609,0,609,0,19,19
593667,593056,611,0,611,0,19,19
608845,608199,646,0,646,0,19,19
613415,612818,597,45,552,0,19,20
610842,610328,514,0,514,0,19,19
614925,614356,569,0,569,0,19,19
610812,610223,589,19,570,0,19,20
614349,613734,615,0,615,0,19,19
618615,617928,687,0,655,32,20,20
631350,630833,517,0,517,0,19,19
628016,627154,862,0,862,0,19,19
637220,636678,542,0,542,0,19,19
630860,630253,607,0,607,0,19,19
631597,630963,634,0,634,0,19,19
632096,631565,531,0,531,0,19,19
633280,632625,655,28,627,0,19,20
635593,635034,559,0,559,0,19,19
629354,628909,445,19,426,0,19,20
628761,628298,463,0,463,0,19,19
626781,626209,572,0,572,0,18,18
634752,634229,523,0,490,33,20,20
641131,640695,436,0,436,0,19,19
640830,640377,453,0,453,0,19,19
639366,638930,436,0,436,0,19,19
634215,633438,777,0,742,35,20,20
636261,635686,575,0,575,0,19,19
632224,631602,622,0,590,32,20,20
631643,631057,586,21,565,0,19,20
638509,637773,736,31,705,0,19,20
635519,635008,511,20,491,0,19,20
628433,627891,542,0,542,0,19,19
632320,631705,615,0,578,37,20,20
639743,639177,566,0,566,0,19,19
637591,637003,588,0,588,0,19,19
641457,640899,558,0,558,0,19,19
642974,642477,497,0,477,20,20,20
644904,644297,607,0,607,0,19,19
639522,638957,565,0,565,0,19,19
637665,637142,523,26,497,0,19,20
643967,643149,818,26,792,0,19,20
647999,647260,739,35,704,0,19,20
647448,646966,482,0,482,0,19,19
646429,645887,542,0,510,32,19,19
648532,647982,550,0,550,0,19,19
651359,650794,565,19,546,0,19,20
651537,650949,588,30,558,0,19,20
653775,652992,783,25,758,0,19,20
646209,645678,531,0,531,0,19,19
645145,644633,512,0,512,0,19,19
640045,639392,653,24,629,0,19,20
635716,635139,577,0,551,26,20,20
628941,628404,537,0,537,0,19,19
631056,630271,785,0,785,0,19,19
619938,619308,630,23,607,0,19,20
615305,614741,564,0,564,0,19,19
613955,613412,543,0,543,0,19,19
608156,607681,475,0,475,0,19,19
610009,609500,509,0,509,0,19,19
621488,620902,586,0,586,0,19,19
622504,621799,705,30,675,0,19,20
617387,616797,590,0,550,40,20,20
613216,612596,620,0,585,35,20,20
612460,611882,578,0,578,0,19,19
614031,613454,577,0,577,0,19,19
613109,612578,531,0,531,0,19,19
614950,614417,533,21,512,0,19,20
605934,605394,540,0,540,0,19,19
603541,603008,533,0,533,0,19,19
610386,609564,822,0,822,0,19,19
617116,616548,568,0,568,0,19,19
625986,625405,581,0,564,17,20,20
629644,629090,554,0,554,0,19,19
629891,629296,595,0,595,0,19,19
620292,619656,636,32,604,0,19,20
613550,612999,551,0,551,0,19,19
611656,611141,515,0,515,0,19,19
605505,604671,834,0,834,0,19,19
608372,607863,509,0,509,0,19,19
601128,600621,507,0,507,0,19,19
590806,590261,545,0,545,0,19,19
585921,585378,543,0,543,0,19,19
579391,578898,493,19,474,0,19,20
577327,576837,490,0,490,0,19,19
580543,579824,719,0,719,0,19,19
580866,580330,536,36,500,0,19,20
579920,579409,511,0,511,0,19,19
574332,573848,484,0,484,0,19,19
568352,567914,438,0,438,0,19,19
566048,565491,557,0,529,28,20,20
573835,573292,543,0,543,0,19,19
574476,574016,460,14,446,0,19,20
571075,570546,529,0,529,0,19,19
566972,566481,491,0,491,0,19,19
571649,571196,453,0,453,0,19,19
566501,566083,418,33,385,0,19,20
566219,565743,476,0,476,0,19,19
564957,564557,400,0,400,0,19,19
561147,560840,307,0,307,0,19,19
559686,559329,357,0,357,0,19,19
558668,558251,417,0,401,16,20,20
561257,560973,284,9,275,0,19,20
552730,552133,597,0,597,0,19,19
551606,551282,324,0,301,23,20,20
548823,548520,303,0,303,0,18,18
546359,545414,945,0,945,0,19,19
542700,541730,970,44,926,0,19,20
538718,537729,989,61,928,0,19,20
534296,533339,957,62,895,0,19,20
517269,516441,828,0,828,0,19,19
516599,515725,874,0,874,0,19,19
516585,515630,955,0,955,0,19,19
516301,515437,864,0,864,0,19,19
525833,525002,831,0,831,0,19,19
526437,525595,842,0,842,0,19,19
528584,527674,910,29,881,0,19,20
523843,522889,954,0,897,57,20,20
523447,522594,853,0,853,0,19,19
522176,521240,936,40,896,0,19,20
516452,515517,935,45,890,0,19,20
518399,517430,969,0,910,59,20,20
517940,517118,822,0,822,0,19,19
518282,517353,929,37,892,0,19,20
517317,516367,950,0,950,0,19,19
525392,524442,950,0,901,49,20,20
526882,525836,1046,0,1046,0,19,19
527878,527027,851,0,851,0,19,19
529134,528135,999,0,949,50,20,20
530450,529494,956,0,900,56,20,20
526282,525341,941,0,941,0,19,19
527313,526527,786,0,786,0,19,19
535962,535074,888,0,847,41,20,20
534344,533401,943,0,943,0,19,19
534535,533711,824,0,824,0,19,19
538761,537802,959,0,902,57,20,20
542024,541088,936,27,909,0,19,20
539305,538560,745,0,745,0,19,19
542589,541679,910,0,910,0,19,19
539290,538344,946,42,904,0,19,20
534655,533729,926,0,926,0,19,19
532381,531479,902,0,902,0,19,19
534368,533342,1026,42,984,0,19,20
541042,540102,940,0,903,37,20,20
544113,542906,1207,28,1179,0,19,20
547194,546233,961,0,961,0,19,19
536643,535584,1059,0,1015,44,20,20
532446,531615,831,0,831,0,19,19
535738,534695,1043,0,956,87,20,20
524962,524138,824,0,824,0,19,19
532323,531487,836,0,780,56,20,20
532662,531464,1198,41,1157,0,19,20
531329,530455,874,0,874,0,19,19
517244,516391,853,0,853,0,19,19
513577,512650,927,0,927,0,19,19
517265,516437,828,0,828,0,19,19
506259,505410,849,48,801,0,19,20
502927,502106,821,0,821,0,19,19
504014,503218,796,0,796,0,19,19
511071,510189,882,55,827,0,19,20
509473,508698,775,0,775,0,18,18
510996,510203,793,0,793,0,19,19
512799,511854,945,47,898,0,19,20
511470,510591,879,0,879,0,19,19
507327,506527,800,0,800,0,19,19
507071,506327,744,0,744,0,19,19
507928,507041,887,26,861,0,19,20
508155,507238,917,0,917,0,19,19
507219,506378,841,0,841,0,19,19
512817,512062,755,0,755,0,19,19
516283,515425,858,0,858,0,19,19
516925,516098,827,0,827,0,19,19
517031,516144,887,0,887,0,19,19
520802,520016,786,0,786,0,19,19
520072,519007,1065,42,1023,0,19,20
520662,519756,906,0,906,0,19,19
527601,526783,818,47,771,0,19,20
528307,527277,1030,0,1030,0,19,19
535186,534297,889,46,843,0,19,20
539833,538756,1077,0,1022,55,20,20
541990,541161,829,0,780,49,20,20
535867,534965,902,0,858,44,20,20
540758,539609,1149,0,1093,56,20,20
542749,541594,1155,0,1155,0,19,19
544562,543648,914,0,914,0,19,19
547167,546229,938,0,938,0,19,19
556720,555618,1102,32,1070,0,19,20
559181,558279,902,0,902,0,19,19
554453,553867,586,0,560,26,20,20
555833,555340,493,0,493,0,19,19
562746,562135,611,30,581,0,19,20
563601,563035,566,0,566,0,19,19
568112,567675,437,0,437,0,19,19
562815,562330,485,0,485,0,19,19
568143,567682,461,0,461,0,19,19
565911,565398,513,0,513,0,19,19
560508,560014,494,0,494,0,19,19
562415,561961,454,0,454,0,19,19
560474,559954,520,0,487,33,20,20
561030,560543,487,0,487,0,19,19
556300,555864,436,0,436,0,19,19
555074,554561,513,46,467,0,19,20
552509,551954,555,0,525,30,20,20
549197,548720,477,0,477,0,19,19
554406,553851,555,0,555,0,19,19
556213,555744,469,0,469,0,19,19
551613,551081,532,0,532,0,19,19
558328,557923,405,0,405,0,19,19
553197,552732,465,0,465,0,19,19
551478,551020,458,27,431,0,19,20
551472,551032,440,18,422,0,19,20
551148,550659,489,35,454,0,19,20
546774,546379,395,0,395,0,19,19
548538,548061,477,0,466,11,20,20
544235,543826,409,0,409,0,19,19
540932,540487,445,0,445,0,19,19
541375,540843,532,0,532,0,19,19
544522,544167,355,0,355,0,19,19
539835,539416,419,0,400,19,20,20
539377,538690,687,0,687,0,19,19
547167,546537,630,30,600,0,19,20
539322,538874,448,0,448,0,19,19
536822,536238,584,0,584,0,19,19
536488,536087,401,0,401,0,19,19
535057,534687,370,0,370,0,19,19
526170,525730,440,0,440,0,19,19
521480,521051,429,0,429,0,19,19
520451,519962,489,0,489,0,19,19
512935,512490,445,0,445,0,19,19
513426,512973,453,0,420,33,20,20
513062,512681,381,0,381,0,19,19
514438,514079,359,0,359,0,19,19
511713,511309,404,0,404,0,19,19
505764,505320,444,0,410,34,20,20
501752,501380,372,0,372,0,19,19
499588,499176,412,0,412,0,19,19
499744,499141,603,0,603,0,19,19
499179,498769,410,0,410,0,19,19
490646,490234,412,0,412,0,19,19
484699,484432,267,0,267,0,19,19
488635,488324,311,0,311,0,19,19
481576,481247,329,0,329,0,19,19
479952,479518,434,24,410,0,19,20
471368,470954,414,0,414,0,19,19
470037,469453,584,27,557,0,19,20
464468,464093,375,0,375,0,19,19
462596,462239,357,0,357,0,19,19
465207,464735,472,35,437,0,19,20
458768,458374,394,0,394,0,19,19
457884,457466,418,0,418,0,19,19
448423,447970,453,0,421,32,20,20
450547,450205,342,0,342,0,19,19
445091,444798,293,0,267,26,20,20
443584,443214,370,0,370,0,19,19
445350,445036,314,0,314,0,19,19
441720,441388,332,11,321,0,19,20
439574,439278,296,0,290,6,20,20
446322,446049,273,0,273,0,18,18
449259,449044,215,0,215,0,19,19
451984,451798,186,0,186,0,19,19
453720,453346,374,0,374,0,19,19
457324,456446,878,0,878,0,19,19
460337,459383,954,0,954,0,19,19
461250,460269,981,0,920,61,20,20
468957,468054,903,0,903,0,19,19
472958,472152,806,0,806,0,19,19
475579,474763,816,0,816,0,19,19
485054,484241,813,0,777,36,20,20
484591,483748,843,38,805,0,19,20
489563,488631,932,0,932,0,19,19
494544,493581,963,54,909,0,19,20
502342,501395,947,0,947,0,19,19
505886,505089,797,0,797,0,19,19
512859,511887,972,0,972,0,19,19
531191,530206,985,0,985,0,19,19
542235,541244,991,0,991,0,19,19
547820,546744,1076,0,1076,0,19,19
577598,576584,1014,0,1014,0,19,19
585007,584063,944,0,944,0,19,19
599196,598133,1063,0,1012,51,20,20
628842,627719,1123,0,1123,0,19,19
643233,641987,1246,0,1246,0,19,19
658930,657802,1128,0,1087,41,20,20
688438,687269,1169,65,1104,0,19,20
698668,697322,1346,59,1287,0,19,20
705230,703927,1303,61,1242,0,19,20
711026,709935,1091,0,1091,0,19,19
720353,719002,1351,59,1292,0,19,20
747230,745959,1271,71,1200,0,19,20
763474,762325,1149,0,1149,0,19,19
765321,763914,1407,0,1407,0,19,19
772280,770898,1382,0,1382,0,19,19
782479,781141,1338,0,1338,0,19,19
794012,792236,1776,0,1776,0,19,19
797763,796238,1525,0,1433,92,20,20
799738,798383,1355,0,1355,0,19,19
812276,810860,1416,0,1351,65,20,20
831057,829570,1487,0,1487,0,19,19
832915,831404,1511,0,1444,67,20,20
836921,835472,1449,0,1373,76,20,20
845646,844337,1309,0,1309,0,19,19
853362,851951,1411,0,1411,0,19,19
864735,863258,1477,44,1433,0,19,20
863219,861607,1612,0,1500,112,20,20
865886,864369,1517,0,1517,0,19,19
867902,866180,1722,129,1593,0,19,20
852525,850921,1604,80,1524,0,19,20
858979,857618,1361,0,1361,0,19,19
849200,847929,1271,0,1271,0,19,19
850492,849212,1280,0,1280,0,19,19
842044,840448,1596,0,1596,0,19,19
831632,830240,1392,45,1347,0,19,20
832146,830851,1295,0,1295,0,19,19
821908,820166,1742,59,1683,0,19,20
1026556,1024959,1597,0,1597,0,19,19
1020048,1018388,1660,132,1528,0,19,20
1002135,1000711,1424,0,1424,0,19,19
1012987,1011393,1594,0,1594,0,19,19
994071,992577,1494,0,1494,0,19,19
1027083,1025255,1828,81,1747,0,19,20
1001555,1000010,1545,0,1545,0,19,19
1017196,1015405,1791,91,1700,0,19,20
1009793,1007975,1818,76,1742,0,19,20
1015753,1013742,2011,74,1937,0,19,20
995564,993467,2097,0,1994,103,20,20
1019697,1018038,1659,0,1659,0,19,19
1013084,1011213,1871,66,1805,0,19,20
1007495,1005640,1855,0,1855,0,19,19
1008234,1006591,1643,86,1557,0,19,20
1013434,1011963,1471,0,1471,0,19,19
