"POSITION","REF_CODON","CODON","REF_AA","AA","FWD_CNT","FWD_DENOM","REV_CNT","REV_DENOM","CNT","DENOM","std.bias","id"
33,"TAT","TCT","Y","S",29,795234,1,612496,30,1407730,4.90149179216365,592
36,"AAC","ACC","N","T",751,657098,4,695272,755,1352370,10.0266362147524,661
37,"TAC","TCC","Y","S",31,648856,1,733650,32,1382506,5.54822820432684,708
42,"AGA","CAG","R","Q",3,472798,57,854074,60,1326872,4.1824361070004,844
42,"AGA","CCT","R","P",1,472798,44,854074,45,1326872,5.05220623598261,845
42,"AGA","GAG","R","E",0,472798,38,854074,38,1326872,6.14802315598997,850
42,"AGA","GCT","R","A",3,472798,55,854074,58,1326872,4.11336240992049,851
42,"AGA","GTG","R","V",4,472798,69,854074,73,1326872,4.11336240992049,854
42,"AGA","TAC","R","Y",2,472798,65,854074,67,1326872,5.00755447567762,855
60,"AGA","CGA","R","R",102,133366,9,737115,111,870481,4.66459592394285,1367
63,"TTA","GGA","L","G",0,164681,26,609493,26,774174,4.00843085340657,1456
63,"TTA","GTA","L","V",0,164681,4712,609493,4712,774174,14.3145887594972,1458
63,"TTA","TGA","L",".",0,164681,198,609493,198,774174,7.98537840961893,1464
79,"CAG","CCG","Q","P",106,225716,6,494097,112,719813,5.45472893710857,1910
93,"CAC","CCC","H","P",26,266398,0,378107,26,644505,6.59235410230186,2307
96,"ATT","GAG","I","E",0,278567,15,356547,15,635114,5.05846708629134,2401
103,"CTA","CGA","L","R",0,293010,7,303598,7,596608,4.10399138426846,2598
135,"ATC","AGC","I","S",0,316749,12,288973,12,605722,5.13481066368445,3507
136,"CTA","CGA","L","R",0,306279,18,290664,18,596943,5.8913692428528,3546
166,"GAA","GAT","E","D",0,245658,8,297728,8,543386,4.02802450603042,4407
193,"ATA","ATC","I","I",0,277931,8,264647,8,542578,4.405578490049,5169
198,"AAC","CAC","N","H",19,269730,1,275538,20,545268,4.61470454102529,5308
206,"GGT","CGT","G","R",7,291714,0,291194,7,582908,4.17107802463651,5536
219,"GTT","GTA","V","V",0,336176,10,262367,10,598543,4.80081169196306,5920
231,"AAC","ACC","N","T",12,342654,0,260334,12,602988,4.59096417562535,6246
247,"TGT","GGG","C","G",0,306453,9,302608,9,609061,4.61487545971271,6713
254,"TGG","GGG","W","G",0,272064,8,321955,8,594019,4.07451838999684,6919
283,"ACA","ACC","T","T",12,273378,0,297676,12,571054,5.1348747206791,7731
284,"AAT","CAT","N","H",30,272909,1,285666,31,558575,5.48547090154965,7767
289,"ATG","CTG","M","L",7,277046,0,276767,7,553813,4.17218656824882,7913
294,"GTC","GAC","V","D",0,276988,9,259614,9,536602,4.61391147694513,8051
301,"GAA","GAG","E","E",8,277801,0,243645,8,521446,4.14758057184124,8248
303,"CTC","CAC","L","H",0,278503,8,244508,8,523011,4.40391336367878,8299
313,"GAA","AAA","E","K",0,284682,12,255697,12,540379,5.13465280531626,8581
317,"TTC","TGC","F","C",0,302411,17,248201,17,550612,5.78282020324459,8717
321,"CTT","CTA","L","L",0,302148,7,247386,7,549534,4.16930267073957,8822
322,"AAA","ACA","K","T",0,308305,23,249059,23,557364,6.35723932959485,8843
357,"TAT","TAG","Y",".",0,319551,10,321924,10,641475,4.78944098290952,9867
364,"CTC","CAC","L","H",7,311248,0,333933,7,645181,4.17236373717211,10051
410,"ACA","CCA","T","P",15,294240,1,302079,16,596319,4.1735937313251,11360
427,"TCA","TCC","S","S",7,305736,0,295906,7,601642,4.10984143559134,11866
450,"TGC","GGC","C","G",0,286083,32,327011,32,613094,6.72711600216067,12524
470,"TTT","TTA","F","L",7,277047,0,295209,7,572256,4.172550186324,13108
495,"GCA","GCT","A","A",0,271890,7,290526,7,562416,4.04385656782802,13829
525,"TAC","TTC","Y","F",10,307947,0,287247,10,595194,4.66583565071114,14692
533,"ATG","GAC","M","D",43,353617,3,299644,46,653261,4.4763536835055,14911
587,"CAT","ACC","H","T",155,931900,4,443434,159,1375334,5.40222196239248,16462
587,"CAT","AGG","H","R",68,931900,2,443434,70,1375334,4.79615324395333,16463
587,"CAT","CAG","H","Q",0,931900,22,443434,22,1375334,6.2714173116654,16468
587,"CAT","GTG","H","V",92,931900,4,443434,96,1375334,4.37584941262435,16479
587,"CAT","TCA","H","S",84,931900,4,443434,88,1375334,4.19842880535566,16482
587,"CAT","TGC","H","C",67,931900,3,443434,70,1375334,4.19842880535566,16483
587,"CAT","TGG","H","W",88,931900,4,443434,92,1375334,4.28907846164735,16484
587,"CAT","TTA","H","L",123,931900,7,443434,130,1375334,4.01672512215099,16485
589,"CAT","CAG","H","Q",0,890241,49,509165,49,1399406,7.82417686436088,16527
609,"AAA","CAA","K","Q",0,29443,1436,1377428,1436,1406871,6.85281985902883,17064
