"POSITION","REF_CODON","CODON","REF_AA","AA","FWD_CNT","FWD_DENOM","REV_CNT","REV_DENOM","CNT","DENOM","std.bias","id"
33,"TAT","TAG","Y",".",15,1273776,0,764820,15,2038596,4.53597784763098,615
33,"TAT","TCT","Y","S",202,1273776,8,764820,210,2038596,5.2174249686012,618
36,"AAC","ACC","N","T",3446,1067370,3,828585,3449,1895955,13.0181915536187,689
37,"TAC","TCC","Y","S",139,1118462,6,876354,145,1994816,5.50791256060784,741
40,"GTA","GGA","V","G",31,947820,0,997842,31,1945662,6.9323520254117,826
40,"GTA","GTC","V","V",266,947820,3,997842,269,1945662,8.40211095972955,829
41,"AAT","CAT","N","H",61,945523,3,1029067,64,1974590,5.48518766561897,853
42,"AGA","CAC","R","H",4,915695,68,1010131,72,1925826,5.0608352815066,883
42,"AGA","CAG","R","Q",1,915695,27,1010131,28,1925826,5.08943288383996,884
42,"AGA","CCT","R","P",4,915695,74,1010131,78,1925826,5.22662416072027,885
42,"AGA","GAC","R","D",2,915695,67,1010131,69,1925826,6.04929080684626,889
42,"AGA","GAG","R","E",3,915695,80,1010131,83,1925826,5.82440616952878,890
42,"AGA","GCT","R","A",5,915695,87,1010131,92,1925826,5.18192535806415,891
42,"AGA","GTG","R","V",2,915695,58,1010131,60,1925826,5.76612474682911,894
42,"AGA","TAC","R","Y",4,915695,81,1010131,85,1925826,5.40420808006323,896
42,"AGA","TCC","R","S",0,915695,59,1010131,59,1925826,7.99416425837198,897
42,"AGA","TTT","R","F",4,915695,60,1010131,64,1925826,4.81614050222967,901
79,"CAG","CCG","Q","P",145,245667,9,767817,154,1013484,5.36252248122779,1983
96,"ATT","CGG","I","R",2,310746,46,619701,48,930447,4.13914560007438,2481
96,"ATT","GAG","I","E",1,310746,48,619701,49,930447,5.02395657678654,2485
112,"TAC","GAC","Y","D",0,373395,40,446523,40,819918,7.07070272153801,2957
116,"TAC","GAC","Y","D",0,382884,23,445572,23,828456,6.05532318400905,3078
118,"TCC","GCC","S","A",1,392815,19,433000,20,825815,4.42227009454807,3142
122,"TTA","TGA","L",".",0,409142,10,401122,10,810264,4.80370405599714,3266
126,"TTT","TTG","F","L",0,405217,11,382780,11,787997,4.97599163817997,3384
136,"CTA","CTC","L","L",20,355490,0,370371,20,725861,6.09113129778864,3657
148,"ATG","AGG","M","R",37,314798,4,369563,41,684361,4.06877699584235,4003
170,"ATG","CTG","M","L",56,279964,6,343105,62,623069,4.20426453715183,4658
185,"TTC","GTC","F","V",0,333820,9,311800,9,645620,4.61385758867968,5100
193,"ATA","ATC","I","I",0,325044,18,307638,18,632682,5.89135565485069,5321
200,"CTG","GTG","L","V",8,323241,0,338741,8,661982,4.4056260744015,5535
210,"ATC","CTC","I","L",2,361456,25,328457,27,689913,4.32990078149513,5811
215,"CTA","CGA","L","R",2,376206,138,325542,140,701748,7.67207174946424,5954
231,"AAC","ACC","N","T",92,428624,0,294663,92,723287,8.31611784368154,6408
265,"ATC","CTC","I","L",39,284432,0,407465,39,691897,7.37806331648182,7420
283,"ACA","ACC","T","T",18,316437,1,360098,19,676535,4.51110368984912,7927
284,"AAT","CAT","N","H",51,316506,2,341537,53,658043,5.70811637920533,7963
287,"AAG","ACG","K","T",24,330273,0,334653,24,664926,6.43930844470817,8039
289,"ATG","CTG","M","L",36,319439,3,329513,39,648952,4.46016664977392,8107
294,"GTC","GTA","V","V",21,328403,218,300245,239,628648,4.6044471265117,8254
297,"CAG","CAT","Q","H",14,322052,197,307372,211,629424,5.16564197945077,8338
299,"TTC","TTA","F","L",21,317260,234,290331,255,607591,4.74438896666867,8409
301,"GAA","GAT","E","D",1,323460,17,273506,18,596966,4.40323473760974,8457
303,"CTC","ATA","L","I",0,324472,8,269687,8,594159,4.40293380122107,8502
305,"GTA","TTA","V","L",20,321635,223,275923,243,597558,4.74068671061955,8588
310,"GAG","GTG","E","V",4,326599,86,279126,90,605725,5.71534786792762,8724
313,"GAA","TAA","E",".",19,330985,418,288123,437,619108,6.0859986008733,8812
316,"GAG","GTG","E","V",3,350945,57,264165,60,615110,5.35098818517029,8898
319,"AAC","AAA","N","K",9,356624,74,260107,83,616731,4.03921525479949,8966
321,"CTT","ATT","L","I",11,357393,440,250487,451,607880,7.20863772772511,9029
321,"CTT","TTT","L","F",10,357393,405,250487,415,607880,7.21727394283101,9052
322,"AAA","ACA","K","T",0,366600,7,268652,7,635252,4.16723476134303,9057
348,"TTT","TTG","F","L",0,415242,13,359705,13,774947,5.28193578719351,9846
349,"TCC","TCG","S","S",8,425239,0,364644,8,789883,4.10347979110959,9871
357,"TAT","TAG","Y",".",1,386806,44,387321,45,774127,6.22645257837921,10102
370,"AAG","CAG","K","Q",36,351020,1,407649,37,758669,5.83770477432592,10471
383,"ATA","AGA","I","R",0,385205,7,371121,7,756326,4.17328133565331,10839
394,"GTA","GAA","V","E",0,376103,9,354438,9,730541,4.61401061905852,11166
410,"ACA","CCA","T","P",47,339734,1,357519,48,697253,6.35767421814505,11636
456,"AAA","ACA","K","T",45,311792,0,401609,45,713401,7.65756745638893,12984
465,"GTT","GTG","V","V",0,314004,10,347450,10,661454,4.60348971720248,13261
470,"TTT","ATT","F","I",13,308764,0,351763,13,660527,5.28203800412048,13394
488,"TTT","GTT","F","V",11,330880,0,325814,11,656694,4.94634980745639,13946
511,"AGG","CGG","R","R",72,408044,3,319204,75,727248,5.32245962163987,14619
587,"CAT","ACC","H","T",109,1006596,6,672557,115,1679153,4.71316737548982,16849
587,"CAT","AGG","H","R",77,1006596,6,672557,83,1679153,4.03446111172915,16850
587,"CAT","CAG","H","Q",3,1006596,86,672557,89,1679153,6.16017217102101,16855
587,"CAT","GTG","H","V",108,1006596,6,672557,114,1679153,4.69506785296805,16866
587,"CAT","TGC","H","C",95,1006596,7,672557,102,1679153,4.18023647432643,16871
587,"CAT","TGG","H","W",104,1006596,7,672557,111,1679153,4.35694802678457,16872
587,"CAT","TTC","H","F",91,1006596,4,672557,95,1679153,5.02629614628755,16874
589,"CAT","CAG","H","Q",1,966227,203,737088,204,1703315,9.2500015265339,16921
599,"TTC","GTC","F","V",0,528774,54,1285947,54,1814721,6.23947539805102,17239
