"POSITION","REF_CODON","CODON","REF_AA","AA","FWD_CNT","FWD_DENOM","REV_CNT","REV_DENOM","CNT","DENOM","std.bias","id"
33,"TAT","AAT","Y","N",0,740970,13,562119,13,1303089,5.28104816469445,579
33,"TAT","TCT","Y","S",93,740970,3,562119,96,1303089,5.7651652471344,600
36,"AAC","ACC","N","T",1907,599141,0,622028,1907,1221169,15.1076219571545,669
37,"TAC","TCC","Y","S",67,620566,1,651536,68,1272102,7.05350552680822,714
40,"GTA","GTC","V","V",126,506617,0,730885,126,1237502,9.68840395361716,798
41,"AAT","CAT","N","H",23,496791,0,752368,23,1249159,6.35686442636285,819
42,"AGA","CAC","R","H",2,470249,59,746272,61,1216521,5.07539688523528,846
42,"AGA","GAG","R","E",4,470249,67,746272,71,1216521,4.31131047719811,853
42,"AGA","GTG","R","V",0,470249,38,746272,38,1216521,6.40643967615549,857
42,"AGA","TAC","R","Y",2,470249,61,746272,63,1216521,5.14057981852385,858
79,"CAG","CCG","Q","P",160,197261,5,476660,165,673921,6.57952724215533,1908
96,"ATT","GAG","I","E",0,246391,19,349018,19,595409,5.30046519768967,2398
112,"TAC","GAC","Y","D",0,286080,11,253756,11,539836,4.9752628401963,2859
130,"GGT","AAC","G","N",20,289904,0,249482,20,539386,5.79182507534393,3371
193,"ATA","ATC","I","I",0,251727,11,236100,11,487827,4.97590309123132,5191
194,"TGT","TGA","C",".",0,251426,9,243989,9,495415,4.61454135462718,5235
231,"AAC","ACC","N","T",72,314447,0,233538,72,547985,7.98687784348193,6260
265,"ATC","CTC","I","L",33,229169,0,307808,33,536977,7.05320002395116,7235
267,"ATG","AGG","M","R",0,233385,11,307174,11,540559,4.43248203176829,7283
283,"ACA","ACC","T","T",16,247029,0,275635,16,522664,5.66920041432165,7737
284,"AAT","CAT","N","H",39,245296,0,264830,39,510126,7.3782946210863,7773
287,"AAG","ACG","K","T",16,254408,0,258200,16,512608,5.66978096577945,7848
289,"ATG","ACG","M","T",0,248126,7,255161,7,503287,4.11908617220604,7905
297,"CAG","CAT","Q","H",19,248759,147,238241,166,487000,4.01954848695337,8133
301,"GAA","GAT","E","D",0,251235,16,215976,16,467211,5.66898088045727,8252
303,"CTC","ATA","L","I",0,252394,8,211071,8,463465,4.40304053959583,8296
305,"GTA","GTC","V","V",19,248630,0,216579,19,465209,5.71785335436821,8370
310,"GAG","GTG","E","V",4,252579,52,214626,56,467205,4.72811298723904,8512
313,"GAA","TAA","E",".",35,257396,368,219580,403,476976,4.66143936241746,8597
316,"GAG","GTG","E","V",3,269224,51,208097,54,477321,5.13342803476276,8680
321,"CTT","ATT","L","I",21,272229,389,197596,410,469825,5.75187286300961,8809
321,"CTT","TTT","L","F",6,272229,288,197596,294,469825,7.44134012762257,8832
322,"AAA","ACA","K","T",0,277340,11,213294,11,490634,4.97391027755499,8837
348,"TTT","TTG","F","L",1,301892,16,270151,17,572043,4.29115938603845,9614
357,"TAT","TAG","Y",".",0,287850,29,283901,29,571751,6.80347476950461,9867
361,"TAC","TAG","Y",".",0,284421,7,297281,7,581702,4.08733179908314,9981
370,"AAG","CAG","K","Q",29,273667,2,300378,31,574045,4.61343502548325,10232
377,"AAG","ACG","K","T",9,277829,0,283136,9,560965,4.61475035599925,10425
406,"AAG","ACG","K","T",27,259201,2,266014,29,525215,4.47802321800243,11251
474,"ATG","AGG","M","R",0,230879,9,268575,9,499454,4.31600186115281,13189
488,"TTT","GTT","F","V",15,239637,0,248914,15,488551,5.54879215525677,13607
525,"TAC","TTC","Y","F",13,299397,0,251950,13,551347,4.94026402196209,14669
530,"AAG","ACG","K","T",16,326523,0,260393,16,586916,5.21919156130138,14793
561,"ATA","CTA","I","L",39,580472,0,165841,39,746313,4.8798874565899,15676
587,"CAT","ACC","H","T",98,873892,5,446352,103,1320244,4.27908581050621,16433
587,"CAT","ATA","H","I",87,873892,4,446352,91,1320244,4.40648365072853,16435
587,"CAT","CAG","H","Q",2,873892,50,446352,52,1320244,5.66733088269515,16439
587,"CAT","GCA","H","A",74,873892,2,446352,76,1320244,5.10226601819957,16449
587,"CAT","TCA","H","S",85,873892,4,446352,89,1320244,4.36107839533642,16454
587,"CAT","TGG","H","W",82,873892,4,446352,86,1320244,4.29100399677468,16456
587,"CAT","TTC","H","F",101,873892,6,446352,107,1320244,4.03439304510219,16458
589,"CAT","CAG","H","Q",1,837954,139,503438,140,1341392,8.49706409892595,16499
599,"TTC","GTC","F","V",0,476901,19,941303,19,1418204,4.64159310145394,16804
603,"CCA","CCC","P","P",55,259634,4,1142916,59,1402550,4.83223866990201,16919
