"POSITION","REF_CODON","CODON","REF_AA","AA","FWD_CNT","FWD_DENOM","REV_CNT","REV_DENOM","CNT","DENOM","std.bias","id"
33,"TAT","TCT","Y","S",89,974985,5,545060,94,1520045,4.26746959175373,337
36,"AAC","ACC","N","T",1556,829001,5,609752,1561,1438753,10.5068663814471,367
40,"GTA","GTC","V","V",132,744032,7,727068,139,1471100,5.57983970345808,414
58,"TAC","TGC","Y","C",29,124748,7727,716273,7756,841021,7.62917268403233,609
59,"AAC","ACC","N","T",24,130571,13802,710413,13826,840984,9.27873766399797,616
63,"TTA","GTA","L","V",1,157379,1210,584193,1211,741572,10.1933871166675,656
63,"TTA","TGA","L",".",0,157379,74,584193,74,741572,6.01865270980932,659
96,"ATT","ATG","I","M",0,255393,19,471464,19,726857,4.7738751634815,999
112,"TAC","GAC","Y","D",1,297512,22,361887,23,659399,4.50406128084724,1164
116,"TAC","GAC","Y","D",0,307259,15,359073,15,666332,5.23891191410824,1203
118,"TCC","GCC","S","A",0,312541,15,347240,15,659781,5.33942660720471,1224
132,"TGT","GGT","C","G",7,314363,0,304893,7,619256,4.11415097299158,1363
135,"ATC","AGC","I","S",0,299510,7,301494,7,601004,4.16142380512976,1394
171,"GAA","GAC","E","D",46,230678,1,275956,47,506634,6.31526495970562,1760
179,"GAA","GAC","E","D",43,250572,3,264627,46,515199,4.80317122744709,1839
215,"CTA","CGA","L","R",0,298428,11,265262,11,563690,4.97528455160164,2199
222,"ATA","TTA","I","L",0,322162,8,247285,8,569447,4.40169554419651,2275
231,"AAC","ACC","N","T",42,323862,0,243440,42,567302,6.95269813201751,2359
265,"ATC","CTC","I","L",30,245705,0,312467,30,558172,6.86861738471096,2701
289,"ATG","CTG","M","L",25,268246,0,269664,25,537910,6.51765563374726,2941
290,"GAA","GAC","E","D",103,268133,3,261202,106,529335,6.46579925839446,2947
294,"GTC","GTA","V","V",9,269366,142,254164,151,523530,5.32485776094919,2992
295,"AAA","AAT","K","N",0,271537,7,261702,7,533239,4.17329102497777,3000
297,"CAG","CAT","Q","H",5,266633,190,257428,195,524061,6.92194591443861,3022
305,"GTA","TTA","V","L",4,263878,154,238907,158,502785,6.868825862625,3108
309,"CCA","GCA","P","A",0,268102,8,241479,8,509581,4.40441291923681,3146
313,"GAA","TAA","E",".",9,266704,262,239817,271,506521,6.54030353897593,3188
316,"GAG","GTG","E","V",2,280421,23,231460,25,511881,4.16946941012906,3216
317,"TTC","GTC","F","V",0,283893,9,235902,9,519795,4.61205076102408,3220
321,"CTT","ATT","L","I",9,283921,130,230608,139,514529,5.14905552621545,3259
321,"CTT","TTT","L","F",4,283921,52,230608,56,514529,4.7275533817981,3268
323,"CAA","CGA","Q","R",9,290900,0,242547,9,533447,4.25596438522021,3286
335,"GAG","GAC","E","D",10,312333,113,266230,123,578563,4.68334294625729,3401
345,"GAA","GAC","E","D",71,301738,2,283913,73,585651,6.23681392382688,3499
348,"TTT","TTG","F","L",0,317145,17,282047,17,599192,5.78318133862952,3535
428,"CTA","CCA","L","P",10,277514,189,293725,199,571239,5.58956871182635,4318
470,"TTT","TTA","F","L",23,250828,2,289042,25,539870,4.17057664331464,4742
587,"CAT","CAG","H","Q",4,790190,64,628558,68,1418748,5.13363510971993,5923
589,"CAT","CAG","H","Q",6,743286,129,685927,135,1429213,5.84571380602742,5943
599,"TTC","GTC","F","V",1,421099,38,1090230,39,1511329,4.05573142524607,6044
