"POSITION","REF_CODON","CODON","REF_AA","AA","FWD_CNT","FWD_DENOM","REV_CNT","REV_DENOM","CNT","DENOM","std.bias","id"
33,"TAT","TCT","Y","S",25,567312,0,356212,25,923524,5.58929130119168,268
36,"AAC","ACC","N","T",640,487016,0,394799,640,881815,12.5088042546298,294
37,"TAC","TCC","Y","S",26,485265,0,420387,26,905652,6.30658627932142,304
40,"GTA","GGA","V","G",12,401452,0,483637,12,885089,5.13396615385889,331
40,"GTA","GTC","V","V",81,401452,0,483637,81,885089,8.81354092786777,333
40,"GTA","TTA","V","L",1,401452,25,483637,26,885089,4.76564398868088,336
41,"AAT","CAT","N","H",10,394886,0,501727,10,896613,4.80089666173428,344
79,"CAG","CCG","Q","P",73,120139,0,355444,73,475583,8.60815102243762,653
135,"ATC","AGC","I","S",0,177088,7,159045,7,336133,4.17140629685898,1104
136,"CTA","CTC","L","L",7,171368,0,160381,7,331749,4.04401095557312,1116
148,"ATG","AGG","M","R",22,151377,2,171238,24,322615,4.08696796594882,1211
170,"ATG","CTG","M","L",13,136802,0,164894,13,301696,5.28161986853172,1392
171,"GAA","GAC","E","D",21,133606,0,162357,21,295963,6.18348272383036,1396
179,"GAA","GAC","E","D",17,151249,0,154623,17,305872,5.78369149754636,1460
193,"ATA","ATC","I","I",0,156290,11,147863,11,304153,4.97600895311156,1570
215,"CTA","CGA","L","R",1,180592,58,156603,59,337195,6.76964366693329,1722
231,"AAC","ACC","N","T",14,208255,0,142753,14,351008,4.67020873589665,1843
259,"GTG","ATG","V","M",21,145842,1,199764,22,345606,4.80018491780744,2062
273,"AAT","AAG","N","K",0,148173,9,193696,9,341869,4.08635094176572,2164
284,"AAT","CAT","N","H",21,158746,0,167876,21,326622,6.18393017732828,2248
290,"GAA","GAC","E","D",45,163480,0,157070,45,320550,7.5781870669514,2292
290,"GAA","TAA","E",".",1,163480,16,157070,17,320550,4.2928330449921,2297
291,"TGG","TGT","W","C",2,164799,28,153364,30,318163,4.54658902719479,2302
294,"GTC","GAC","V","D",0,164421,12,149569,12,313990,5.13477726002254,2320
294,"GTC","GTA","V","V",3,164421,66,149569,69,313990,5.63973801283198,2323
297,"CAG","CAT","Q","H",4,161711,172,152924,176,314635,7.08845241363906,2343
303,"CTC","CAC","L","H",0,164189,7,136743,7,300932,4.16965486234554,2381
303,"CTC","CTA","L","L",4,164189,42,136743,46,300932,4.31285232112996,2383
305,"GTA","GTC","V","V",10,163551,0,138276,10,301827,4.46961140159009,2400
305,"GTA","TTA","V","L",1,163551,145,138276,146,301827,8.58105274675165,2401
313,"GAA","TAA","E",".",2,167215,217,145001,219,312216,8.57190751155545,2462
316,"GAG","GTG","E","V",0,176188,13,135632,13,311820,5.28113276211219,2487
317,"TTC","TGC","F","C",0,178749,12,139590,12,318339,5.13350010625109,2490
318,"CTG","CTT","L","L",2,177187,61,138578,63,315765,6.05847425206049,2501
321,"CTT","ATT","L","I",3,176758,31,137980,34,314738,4.16835418155049,2517
322,"AAA","ACA","K","T",0,180317,25,138525,25,318842,6.517065482663,2529
345,"GAA","GAC","E","D",34,183949,0,178163,34,362112,7.04801351146438,2713
357,"TAT","TAG","Y",".",0,183307,15,187792,15,371099,5.50100270711965,2803
370,"AAG","CAG","K","Q",17,170985,0,197465,17,368450,5.78305459374304,2915
374,"TCC","TTC","S","F",7,179606,0,184304,7,363910,4.17361190494075,2945
388,"AAA","AAC","K","N",0,181740,10,182399,10,364139,4.79691736399969,3052
406,"AAG","ACG","K","T",12,168563,0,165416,12,333979,5.09850691615451,3187
410,"ACA","CCA","T","P",16,168108,0,172000,16,340108,5.66972617588836,3222
422,"AAC","CAC","N","H",0,169207,35,163979,35,333186,7.16776197375874,3318
446,"ATG","ATT","M","I",0,165423,8,195353,8,360776,4.07903325514493,3519
470,"TTT","ATT","F","I",10,147981,0,168466,10,316447,4.80214543017992,3696
489,"GTC","ATC","V","I",0,150117,7,159599,7,309716,4.054009774845,3846
501,"CCA","CTA","P","L",0,150062,9,157890,9,307952,4.51461106809514,3931
531,"ATA","AGA","I","R",0,222878,22,159100,22,381978,6.27195102194627,4145
587,"CAT","CAG","H","Q",0,506325,31,283242,31,789567,6.93177729422399,4611
589,"CAT","CAG","H","Q",0,483389,40,320394,40,803783,7.42740537489158,4629
