coverage,wt.counts,mut.count,s.count,ns.count,stp.count,aa.sampled,codons.sampled
247848,247511,337,0,337,0,16,16
247765,247539,226,0,226,0,10,10
246209,245810,399,0,399,0,16,16
246894,246854,40,0,40,0,6,6
246142,245633,509,0,509,0,13,13
243977,243977,0,0,0,0,0,0
244498,243863,635,0,635,0,19,19
242618,241757,861,0,861,0,18,18
245882,244874,1008,0,1008,0,18,18
243345,242463,882,0,882,0,19,19
242850,241939,911,0,911,0,19,19
244211,243380,831,29,802,0,19,20
245562,244432,1130,0,1130,0,19,19
242524,241812,712,0,712,0,18,18
238495,238176,319,0,319,0,13,13
241580,241216,364,0,364,0,18,18
245284,244827,457,0,457,0,16,16
245094,244668,426,0,426,0,17,17
236339,235717,622,0,622,0,16,16
238257,238229,28,0,28,0,2,2
237288,236772,516,31,485,0,17,18
236826,236652,174,0,174,0,6,6
233480,233005,475,0,475,0,17,17
231901,231765,136,0,136,0,9,9
226580,226379,201,26,175,0,12,13
226836,226835,1,0,1,0,1,1
157459,157093,366,48,318,0,17,18
159669,159537,132,0,132,0,12,12
158588,158257,331,0,331,0,18,18
159817,159357,460,8,452,0,18,19
159084,158602,482,0,482,0,18,18
157916,157740,176,0,176,0,15,15
158585,158071,514,0,514,0,18,18
156873,156394,479,0,479,0,19,19
153816,153525,291,0,291,0,19,19
153976,153598,378,0,378,0,16,16
152926,152772,154,0,154,0,12,12
151587,151452,135,0,135,0,15,15
155156,154669,487,0,487,0,17,17
153638,153310,328,11,317,0,18,19
152717,152219,498,0,498,0,18,18
151450,151104,346,0,346,0,17,17
145943,145902,41,14,27,0,6,7
145954,145954,0,0,0,0,0,0
144937,144865,72,6,66,0,5,6
145032,144817,215,0,215,0,13,13
145871,145763,108,0,108,0,6,6
146502,146331,171,6,165,0,13,14
147951,147742,209,0,209,0,14,14
147569,147011,558,0,558,0,19,19
145393,144871,522,0,522,0,19,19
142292,141953,339,0,339,0,18,18
140716,140336,380,0,380,0,16,16
139269,138820,449,0,449,0,19,19
136949,136404,545,0,545,0,19,19
135949,135663,286,0,286,0,19,19
135173,134251,922,0,922,0,19,19
132362,132009,353,0,353,0,15,15
128506,128458,48,0,48,0,5,5
126212,125847,365,15,350,0,18,19
125674,125671,3,0,3,0,1,1
124870,124509,361,0,361,0,18,18
121598,121597,1,0,1,0,1,1
118961,118626,335,0,335,0,18,18
117634,117321,313,0,313,0,16,16
113536,113507,29,0,29,0,3,3
110125,109806,319,0,319,0,17,17
110254,110209,45,0,45,0,5,5
108812,108661,151,0,151,0,15,15
108891,108833,58,0,58,0,7,7
109010,108698,312,0,312,0,17,17
107478,107339,139,1,138,0,15,16
106130,105622,508,0,508,0,18,18
105315,104971,344,0,344,0,17,17
103807,103485,322,0,322,0,18,18
102651,102289,362,0,362,0,17,17
104330,104077,253,0,253,0,18,18
100763,100406,357,0,357,0,19,19
100030,99950,80,0,80,0,10,10
98551,98319,232,9,223,0,18,19
97465,97358,107,0,107,0,10,10
97059,96793,266,0,266,0,17,17
93553,93242,311,0,311,0,19,19
92308,92073,235,0,235,0,18,18
90381,90225,156,0,156,0,18,18
90976,90779,197,19,178,0,18,19
89626,89391,235,0,235,0,17,17
89998,89748,250,0,250,0,19,19
87316,87247,69,0,69,0,10,10
86167,85942,225,0,225,0,18,18
86615,86377,238,0,238,0,18,18
87904,87801,103,28,75,0,7,8
86624,86410,214,0,214,0,19,19
89079,89000,79,0,79,0,12,12
90022,90010,12,0,12,0,3,3
89122,88938,184,0,184,0,18,18
89228,88954,274,11,263,0,18,19
89388,89250,138,38,100,0,9,10
90316,90084,232,0,232,0,18,18
91296,91291,5,0,5,0,1,1
91688,91435,253,8,245,0,16,17
90582,90434,148,0,148,0,18,18
91071,91004,67,0,67,0,8,8
92279,92160,119,2,117,0,13,14
93035,92766,269,26,243,0,18,19
93323,93275,48,0,48,0,5,5
92954,92704,250,0,250,0,18,18
93364,93324,40,0,40,0,4,4
93683,93365,318,0,318,0,19,19
93585,93530,55,2,53,0,7,8
93941,93765,176,0,176,0,18,18
94070,93805,265,0,265,0,18,18
93446,93446,0,0,0,0,0,0
93406,93399,7,0,7,0,2,2
96558,96558,0,0,0,0,0,0
96626,96617,9,0,9,0,1,1
96111,95861,250,0,250,0,15,15
95371,95051,320,0,320,0,19,19
94953,94854,99,12,87,0,6,7
94294,94034,260,7,253,0,16,17
93912,93912,0,0,0,0,0,0
94802,94595,207,0,207,0,18,18
95366,95366,0,0,0,0,0,0
96822,96822,0,0,0,0,0,0
95654,95575,79,0,79,0,9,9
95427,95335,92,0,92,0,9,9
95569,95546,23,0,23,0,2,2
95943,95836,107,0,107,0,11,11
95017,94947,70,0,70,0,5,5
94609,94595,14,0,14,0,3,3
93625,93503,122,0,122,0,8,8
93787,93779,8,0,8,0,2,2
92605,92391,214,0,214,0,15,15
89936,89617,319,0,319,0,19,19
91070,90872,198,0,198,0,17,17
89424,89171,253,0,253,0,17,17
88706,88675,31,0,31,0,5,5
90194,90193,1,0,1,0,1,1
90274,90138,136,0,136,0,8,8
89796,89659,137,0,137,0,9,9
90589,90481,108,0,108,0,15,15
90870,90734,136,0,136,0,8,8
89185,89159,26,10,16,0,4,5
89327,89252,75,0,75,0,10,10
88201,87998,203,2,201,0,17,18
88558,88322,236,4,232,0,16,17
88054,87920,134,0,134,0,12,12
88021,87940,81,0,81,0,8,8
88223,88107,116,0,116,0,14,14
88097,87949,148,0,148,0,17,17
87991,87877,114,0,114,0,14,14
88742,88697,45,0,45,0,6,6
87176,87042,134,0,134,0,13,13
85090,84896,194,0,194,0,17,17
84519,84519,0,0,0,0,0,0
84678,84672,6,0,6,0,4,4
84610,84588,22,0,22,0,4,4
84302,84208,94,0,94,0,11,11
86873,86819,54,0,54,0,9,9
86273,86264,9,0,9,0,2,2
84677,84661,16,0,16,0,3,3
85579,85473,106,0,106,0,14,14
85076,84853,223,0,223,0,18,18
85656,85655,1,1,0,0,0,1
84594,84594,0,0,0,0,0,0
85192,85020,172,0,172,0,16,16
84377,84359,18,0,18,0,3,3
84229,84229,0,0,0,0,0,0
81894,81894,0,0,0,0,0,0
82360,82237,123,11,112,0,14,15
83338,83338,0,0,0,0,0,0
83976,83976,0,0,0,0,0,0
84213,84204,9,0,9,0,3,3
84410,84228,182,0,182,0,16,16
84215,84121,94,0,94,0,12,12
84761,84729,32,0,32,0,3,3
84249,84162,87,0,87,0,16,16
85802,85671,131,0,131,0,15,15
85987,85976,11,0,11,0,5,5
84286,84261,25,0,25,0,7,7
83931,83795,136,0,136,0,17,17
84535,84437,98,9,89,0,13,14
84902,84874,28,7,21,0,4,5
84656,84572,84,0,84,0,7,7
86342,86245,97,0,97,0,14,14
86783,86641,142,13,129,0,17,18
87424,87387,37,0,37,0,4,4
88220,88102,118,0,118,0,13,13
87868,87830,38,0,38,0,9,9
87564,87442,122,0,122,0,13,13
85479,85436,43,0,43,0,8,8
85347,85247,100,0,100,0,11,11
85106,85076,30,0,30,0,9,9
86506,86477,29,4,25,0,4,5
86169,86136,33,0,33,0,8,8
87323,87274,49,0,49,0,7,7
87587,87553,34,4,30,0,5,6
86037,86002,35,19,16,0,3,4
86330,86229,101,0,101,0,13,13
86864,86732,132,0,132,0,13,13
86509,86476,33,5,28,0,4,5
86977,86938,39,0,39,0,6,6
88340,88318,22,0,22,0,5,5
89314,89284,30,0,30,0,5,5
87826,87771,55,0,55,0,6,6
87688,87681,7,2,5,0,3,4
89022,88993,29,0,29,0,6,6
88521,88493,28,22,6,0,3,4
88541,88534,7,0,7,0,4,4
88684,88656,28,0,28,0,4,4
89836,89766,70,0,70,0,8,8
89877,89831,46,0,46,0,7,7
89480,89436,44,5,39,0,8,9
89744,89685,59,0,59,0,9,9
89184,89074,110,0,110,0,15,15
88829,88784,45,0,45,0,7,7
90039,90027,12,0,12,0,1,1
90096,89957,139,33,106,0,15,16
89757,89667,90,0,90,0,7,7
90348,90329,19,0,19,0,6,6
91335,91274,61,0,61,0,8,8
91522,91463,59,0,59,0,10,10
91778,91775,3,0,3,0,1,1
90005,89901,104,0,104,0,8,8
89827,89797,30,20,10,0,2,3
89342,89282,60,0,60,0,6,6
88542,88501,41,17,24,0,6,7
88975,88954,21,0,21,0,4,4
89275,89252,23,0,23,0,6,6
90317,90297,20,0,20,0,4,4
90063,89929,134,0,134,0,17,17
89962,89820,142,4,138,0,17,18
88992,88978,14,11,3,0,2,3
87546,87546,0,0,0,0,0,0
87121,87084,37,0,37,0,3,3
88137,88059,78,17,61,0,11,12
88929,88870,59,0,59,0,11,11
88196,88169,27,16,11,0,3,4
86969,86967,2,0,2,0,1,1
86403,86297,106,0,106,0,14,14
86533,86523,10,0,10,0,2,2
86387,86361,26,0,26,0,5,5
87324,87274,50,0,50,0,9,9
89056,88943,113,0,113,0,16,16
89752,89654,98,0,98,0,12,12
87706,87622,84,0,83,1,10,10
86821,86745,76,0,76,0,13,13
86056,85954,102,0,102,0,9,9
86095,86008,87,0,87,0,14,14
85523,85372,151,0,151,0,12,12
85940,85884,56,0,56,0,5,5
87125,86890,235,0,235,0,16,16
87660,87604,56,4,52,0,7,8
86942,86942,0,0,0,0,0,0
85203,85126,77,0,77,0,6,6
83875,83719,156,0,156,0,15,15
83336,83236,100,14,86,0,14,15
85468,85460,8,0,8,0,1,1
85796,85706,90,5,85,0,10,11
85608,85602,6,0,6,0,2,2
86354,86320,34,0,34,0,7,7
86501,86492,9,0,9,0,3,3
86101,86074,27,0,27,0,7,7
86447,86401,46,0,46,0,8,8
85692,85624,68,0,68,0,9,9
84407,84354,53,0,53,0,8,8
84203,84075,128,0,128,0,11,11
83783,83778,5,0,5,0,2,2
83340,83300,40,0,40,0,7,7
83135,83105,30,0,30,0,2,2
83033,83024,9,0,9,0,2,2
81035,80964,71,0,71,0,8,8
79694,79688,6,0,6,0,1,1
81533,81516,17,0,17,0,4,4
81553,81533,20,0,20,0,2,2
81644,81624,20,0,20,0,7,7
81232,81074,158,0,158,0,13,13
82657,82656,1,0,1,0,1,1
82715,82671,44,0,44,0,5,5
80616,80451,165,0,165,0,13,13
80966,80947,19,0,19,0,6,6
79956,79943,13,0,13,0,1,1
78963,78912,51,0,51,0,7,7
79467,79397,70,0,70,0,13,13
80219,80197,22,0,22,0,3,3
80725,80699,26,3,23,0,4,5
81068,81005,63,0,63,0,8,8
81945,81738,207,0,207,0,17,17
82453,82336,117,0,117,0,15,15
82437,82386,51,0,51,0,6,6
82265,82145,120,10,110,0,14,15
81030,80985,45,0,45,0,11,11
81157,81041,116,0,116,0,14,14
81545,81484,61,0,61,0,7,7
81313,81207,106,6,100,0,14,15
81506,81403,103,0,103,0,14,14
82516,82495,21,0,21,0,5,5
79964,79820,144,0,144,0,15,15
81436,81268,168,0,168,0,17,17
82442,82415,27,0,27,0,2,2
81682,81638,44,1,43,0,8,9
82467,82332,135,0,135,0,16,16
83058,82991,67,14,53,0,10,11
82822,82804,18,1,17,0,4,5
83445,83389,56,0,56,0,11,11
82681,82584,97,0,97,0,11,11
83313,83284,29,9,20,0,3,4
84121,84059,62,0,62,0,12,12
84793,84755,38,15,23,0,2,3
85128,85073,55,21,34,0,4,5
85754,85736,18,0,18,0,5,5
87315,87240,75,8,67,0,9,10
88175,88173,2,0,2,0,2,2
88955,88925,30,0,30,0,4,4
89664,89564,100,0,100,0,12,12
90450,90412,38,0,38,0,10,10
91121,91114,7,0,7,0,1,1
91427,91407,20,0,20,0,4,4
92572,92552,20,0,20,0,6,6
94039,94020,19,4,15,0,2,3
93674,93613,61,0,61,0,4,4
93166,93166,0,0,0,0,0,0
93302,93283,19,2,17,0,3,4
91525,91524,1,0,1,0,1,1
90943,90841,102,14,88,0,14,15
91894,91838,56,0,56,0,9,9
91408,91408,0,0,0,0,0,0
91190,91190,0,0,0,0,0,0
90542,90433,109,0,109,0,13,13
91033,91009,24,22,2,0,1,2
93465,93459,6,0,6,0,1,1
93225,93111,114,3,111,0,12,13
93963,93963,0,0,0,0,0,0
92970,92944,26,0,26,0,5,5
92903,92881,22,0,22,0,7,7
92853,92850,3,0,3,0,2,2
93689,93666,23,0,23,0,3,3
93555,93535,20,0,20,0,4,4
95776,95736,40,0,40,0,5,5
95659,95627,32,0,32,0,5,5
94917,94884,33,0,33,0,6,6
95492,95480,12,12,0,0,0,1
97212,97136,76,0,76,0,9,9
96099,96064,35,0,35,0,7,7
95155,95077,78,0,78,0,13,13
96705,96702,3,0,3,0,1,1
96125,96016,109,1,108,0,14,15
95605,95570,35,0,35,0,4,4
96909,96868,41,0,41,0,6,6
98787,98618,169,0,169,0,14,14
97588,97565,23,0,23,0,1,1
96480,96424,56,0,56,0,6,6
96307,96273,34,0,34,0,2,2
97269,97195,74,14,60,0,8,9
95147,95106,41,0,41,0,5,5
94432,94356,76,0,76,0,9,9
96346,96074,272,7,265,0,17,18
96442,96366,76,30,46,0,4,5
94408,94408,0,0,0,0,0,0
92780,92734,46,0,46,0,4,4
94356,94328,28,0,28,0,8,8
95180,95126,54,0,54,0,3,3
95999,95823,176,23,153,0,14,15
97837,97777,60,0,60,0,8,8
98582,98580,2,0,2,0,1,1
98600,98590,10,0,10,0,2,2
97670,97656,14,0,14,0,2,2
98739,98739,0,0,0,0,0,0
98609,98609,0,0,0,0,0,0
98382,98382,0,0,0,0,0,0
98057,98057,0,0,0,0,0,0
98173,98168,5,0,5,0,2,2
99145,99145,0,0,0,0,0,0
99255,99255,0,0,0,0,0,0
100015,100015,0,0,0,0,0,0
98752,98752,0,0,0,0,0,0
98765,98765,0,0,0,0,0,0
96419,96419,0,0,0,0,0,0
97434,97375,59,3,56,0,6,7
97225,97197,28,0,28,0,2,2
96792,96769,23,13,10,0,3,4
95217,95212,5,0,5,0,1,1
94660,94655,5,0,5,0,1,1
95373,95231,142,43,99,0,11,12
95713,95713,0,0,0,0,0,0
95960,95960,0,0,0,0,0,0
95184,95114,70,0,70,0,9,9
92923,92923,0,0,0,0,0,0
92414,92414,0,0,0,0,0,0
93101,93087,14,14,0,0,0,1
92702,92684,18,0,18,0,4,4
92374,92361,13,0,13,0,2,2
93026,93026,0,0,0,0,0,0
92723,92643,80,0,80,0,7,7
91657,91597,60,10,50,0,5,6
90152,90129,23,0,23,0,3,3
88501,88501,0,0,0,0,0,0
89007,89003,4,1,3,0,1,2
88917,88849,68,12,56,0,6,7
89126,89075,51,26,25,0,3,4
89959,89946,13,0,13,0,3,3
90669,90461,208,0,208,0,16,16
90607,90583,24,0,24,0,6,6
89555,89484,71,8,63,0,7,8
89548,89481,67,0,67,0,11,11
91073,91065,8,6,2,0,1,2
92186,92133,53,13,40,0,3,4
92294,92211,83,0,83,0,10,10
93518,93518,0,0,0,0,0,0
93927,93925,2,2,0,0,0,1
94874,94857,17,9,8,0,1,2
93543,93543,0,0,0,0,0,0
93606,93606,0,0,0,0,0,0
94388,94388,0,0,0,0,0,0
93806,93805,1,0,1,0,1,1
93863,93790,73,0,73,0,12,12
94719,94715,4,0,4,0,2,2
95430,95421,9,0,9,0,2,2
97047,97047,0,0,0,0,0,0
96761,96753,8,0,8,0,3,3
96435,96435,0,0,0,0,0,0
95916,95914,2,0,2,0,1,1
95700,95651,49,0,49,0,7,7
95719,95701,18,0,18,0,2,2
95357,95294,63,0,63,0,9,9
96002,95974,28,0,28,0,4,4
95674,95595,79,0,79,0,6,6
97021,97009,12,0,12,0,1,1
95421,95412,9,0,9,0,2,2
95802,95800,2,0,2,0,1,1
95742,95742,0,0,0,0,0,0
95157,95150,7,7,0,0,0,1
94147,94119,28,0,28,0,7,7
93118,93118,0,0,0,0,0,0
92437,92437,0,0,0,0,0,0
92153,92153,0,0,0,0,0,0
90627,90607,20,0,20,0,1,1
91842,91833,9,0,9,0,1,1
91809,91757,52,0,52,0,8,8
89057,89057,0,0,0,0,0,0
87569,87562,7,0,7,0,2,2
87877,87860,17,7,10,0,1,2
88716,88692,24,10,14,0,3,4
88073,88069,4,0,4,0,2,2
88068,88067,1,0,1,0,1,1
88586,88586,0,0,0,0,0,0
88966,88961,5,0,5,0,1,1
87869,87866,3,0,3,0,1,1
87620,87620,0,0,0,0,0,0
88967,88934,33,3,30,0,2,3
89384,89384,0,0,0,0,0,0
89280,89273,7,0,7,0,1,1
89000,89000,0,0,0,0,0,0
88471,88417,54,0,54,0,8,8
87646,87634,12,0,12,0,2,2
88399,88399,0,0,0,0,0,0
84980,84976,4,0,4,0,1,1
85237,85237,0,0,0,0,0,0
85301,85274,27,0,27,0,5,5
85603,85592,11,9,2,0,1,2
85752,85721,31,0,31,0,1,1
85692,85682,10,0,10,0,4,4
84643,84643,0,0,0,0,0,0
85167,85167,0,0,0,0,0,0
86648,86576,72,0,72,0,7,7
87490,87410,80,4,76,0,10,11
88534,88527,7,0,7,0,1,1
87408,87344,64,0,64,0,9,9
88064,88047,17,17,0,0,0,1
86362,86279,83,0,83,0,14,14
86705,86693,12,0,12,0,2,2
86555,86541,14,0,14,0,2,2
87441,87371,70,35,35,0,5,6
87701,87695,6,0,6,0,2,2
87268,87250,18,18,0,0,0,1
87125,87125,0,0,0,0,0,0
85991,85991,0,0,0,0,0,0
85676,85613,63,0,63,0,6,6
85591,85584,7,0,7,0,4,4
86266,86246,20,5,15,0,4,5
86447,86442,5,0,5,0,2,2
86698,86685,13,0,13,0,5,5
87603,87594,9,0,9,0,1,1
87529,87484,45,0,45,0,3,3
87206,87206,0,0,0,0,0,0
86900,86888,12,0,12,0,2,2
87038,87031,7,7,0,0,0,1
88367,88367,0,0,0,0,0,0
86423,86399,24,9,15,0,2,3
86728,86721,7,7,0,0,0,1
86015,86015,0,0,0,0,0,0
85547,85530,17,8,9,0,2,3
85292,85253,39,0,39,0,6,6
87418,87388,30,24,6,0,2,3
86374,86365,9,9,0,0,0,1
87360,87347,13,0,13,0,1,1
87295,87230,65,0,65,0,12,12
89156,89148,8,0,8,0,3,3
89191,89190,1,0,1,0,1,1
88605,88553,52,0,52,0,6,6
88198,88193,5,0,5,0,1,1
87603,87601,2,0,2,0,1,1
87974,87972,2,0,2,0,1,1
89110,89082,28,0,28,0,6,6
89653,89555,98,0,98,0,7,7
91033,90957,76,18,58,0,8,9
93173,92958,215,0,215,0,14,14
92297,92264,33,0,33,0,2,2
92943,92846,97,23,74,0,12,13
93940,93797,143,0,143,0,15,15
94661,94384,277,0,277,0,14,14
95371,95323,48,0,48,0,9,9
96839,96799,40,0,40,0,6,6
100755,100682,73,0,73,0,6,6
101807,101654,153,0,153,0,13,13
102326,102288,38,0,38,0,3,3
106516,106445,71,0,71,0,10,10
107771,107540,231,0,231,0,18,18
109569,109483,86,19,67,0,5,6
109917,109875,42,0,42,0,4,4
111404,111143,261,0,261,0,18,18
112961,112719,242,0,242,0,17,17
112645,112644,1,0,1,0,1,1
112797,112759,38,0,38,0,7,7
118918,118794,124,0,124,0,13,13
118562,118550,12,0,12,0,3,3
117172,117165,7,0,7,0,2,2
117642,117429,213,0,213,0,15,15
119322,119288,34,0,34,0,6,6
121586,121515,71,0,71,0,10,10
121456,121449,7,0,7,0,1,1
122975,122970,5,0,5,0,1,1
124878,124823,55,0,55,0,4,4
125527,125440,87,0,87,0,12,12
126850,126850,0,0,0,0,0,0
125763,125665,98,0,98,0,7,7
126859,126856,3,0,3,0,1,1
127766,127701,65,13,52,0,6,7
127356,127310,46,0,46,0,4,4
132172,132169,3,0,3,0,2,2
141380,141370,10,0,10,0,1,1
143026,143015,11,0,11,0,5,5
142927,142918,9,0,9,0,1,1
141057,140923,134,0,134,0,6,6
141883,141883,0,0,0,0,0,0
143903,143831,72,0,72,0,4,4
145585,145548,37,0,37,0,7,7
147503,147449,54,0,54,0,4,4
148999,148966,33,18,15,0,1,2
147923,147826,97,44,53,0,8,9
148221,148103,118,0,118,0,14,14
148354,148318,36,0,36,0,5,5
149683,149520,163,0,163,0,12,12
152043,152036,7,7,0,0,0,1
154473,154345,128,0,128,0,11,11
154691,154652,39,18,21,0,5,6
152802,152659,143,30,113,0,6,7
155707,155707,0,0,0,0,0,0
158645,158552,93,0,93,0,6,6
160181,160104,77,22,55,0,4,5
161206,161139,67,0,67,0,4,4
161949,161832,117,0,117,0,8,8
161352,161331,21,0,21,0,1,1
157120,157035,85,0,85,0,6,6
158313,158095,218,0,218,0,14,14
161061,160729,332,74,258,0,15,16
164944,164893,51,0,51,0,6,6
163634,163515,119,0,119,0,6,6
232108,231334,774,0,774,0,17,17
233755,233678,77,0,77,0,13,13
234212,234178,34,34,0,0,0,1
235922,235832,90,0,90,0,9,9
239710,239167,543,127,416,0,17,18
232329,232308,21,0,21,0,3,3
242883,242709,174,0,174,0,12,12
242165,241773,392,0,392,0,13,13
241136,240763,373,0,373,0,16,16
242067,242045,22,6,16,0,1,2
244110,243997,113,0,113,0,9,9
240219,240185,34,0,34,0,4,4
242248,242150,98,41,57,0,2,3
243512,243512,0,0,0,0,0,0
241552,241552,0,0,0,0,0,0
240934,240918,16,0,16,0,2,2
242931,242464,467,0,467,0,16,16
241010,240672,338,0,338,0,15,15
240322,239492,830,0,830,0,19,19
244822,244632,190,0,190,0,2,2
