coverage,wt.counts,mut.count,s.count,ns.count,stp.count,aa.sampled,codons.sampled
1078801,1075255,3546,0,3546,0,19,19
1077182,1075689,1493,0,1493,0,18,18
1073053,1069698,3355,0,3355,0,19,19
1073479,1072670,809,0,809,0,11,11
1070105,1067475,2630,0,2630,0,17,17
1063584,1063582,2,0,2,0,2,2
1065256,1058878,6378,0,6378,0,19,19
1052069,1045624,6445,0,6445,0,19,19
1066521,1058769,7752,0,7752,0,19,19
1057493,1049245,8248,0,8248,0,19,19
1051305,1044639,6666,0,6666,0,19,19
1058594,1051860,6734,302,6432,0,19,20
1066981,1060708,6273,0,6273,0,19,19
1053386,1048365,5021,0,5021,0,19,19
1035213,1032503,2710,0,2710,0,17,17
1046740,1042529,4211,0,4211,0,19,19
1065507,1062557,2950,0,2950,0,19,19
1065702,1062446,3256,0,3256,0,18,18
1020243,1014896,5347,0,5347,0,17,17
1037040,1036590,450,0,450,0,5,5
1034911,1030608,4303,217,4086,0,17,18
1035091,1033724,1367,0,1367,0,8,8
1019651,1015885,3766,0,3766,0,18,18
1018358,1017411,947,0,947,0,12,12
999116,996514,2602,358,2244,0,18,19
1000792,1000787,5,0,5,0,4,4
704129,701257,2872,205,2667,0,18,19
714198,713216,982,0,982,0,17,17
712562,709556,3006,0,3006,0,19,19
717909,715020,2889,152,2737,0,19,20
714695,710505,4190,0,4190,0,19,19
711580,709919,1661,0,1661,0,18,18
712343,710172,2171,0,2171,0,19,19
705632,702388,3244,0,3244,0,19,19
689469,686618,2851,0,2851,0,19,19
691076,688588,2488,0,2488,0,19,19
686089,684877,1212,0,1212,0,16,16
679457,678122,1335,0,1335,0,18,18
692947,690145,2802,0,2802,0,19,19
686864,683935,2929,195,2734,0,18,19
681596,677835,3761,0,3761,0,19,19
673494,671301,2193,0,2193,0,19,19
646621,646365,256,100,156,0,10,11
644461,644456,5,0,5,0,2,2
637794,637134,660,120,540,0,9,10
631851,630115,1736,135,1601,0,16,17
636578,635763,815,0,815,0,11,11
635153,633356,1797,33,1764,0,19,20
638804,637450,1354,0,1354,0,17,17
634562,631710,2852,0,2852,0,19,19
624187,620391,3796,0,3796,0,19,19
606951,603357,3594,0,3594,0,19,19
598426,596249,2177,0,2177,0,18,18
591239,589015,2224,0,2224,0,19,19
580571,576708,3863,0,3863,0,19,19
574407,572252,2155,0,2155,0,19,19
570016,566058,3958,0,3958,0,18,18
557055,555611,1444,0,1444,0,17,17
536923,536471,452,0,452,0,10,10
525145,523519,1626,96,1530,0,19,20
521706,521705,1,0,1,0,1,1
516119,513703,2416,0,2416,0,19,19
502449,502439,10,0,10,0,2,2
488375,486349,2026,0,2026,0,19,19
482218,479931,2287,0,2287,0,18,18
463641,463412,229,0,229,0,3,3
449314,447074,2240,0,2240,0,17,17
448739,448515,224,0,224,0,12,12
441805,440229,1576,0,1576,0,19,19
442002,441579,423,0,423,0,12,12
440128,438371,1757,0,1757,0,19,19
434880,434094,786,55,731,0,18,19
429636,427293,2343,0,2343,0,18,18
426873,425306,1567,0,1567,0,19,19
420532,417921,2611,0,2611,0,18,18
416294,414175,2119,0,2119,0,19,19
422359,420071,2288,0,2288,0,19,19
407354,405184,2170,0,2170,0,19,19
404122,403106,1016,0,1016,0,17,17
398503,396769,1734,62,1672,0,19,20
392909,391850,1059,0,1059,0,15,15
392006,390255,1751,0,1751,0,19,19
378124,376516,1608,0,1608,0,19,19
372965,372010,955,0,955,0,19,19
364832,363940,892,0,892,0,19,19
366782,365568,1214,73,1141,0,19,20
362439,361209,1230,0,1230,0,19,19
363184,362125,1059,0,1059,0,19,19
353736,353284,452,0,452,0,11,11
349301,348183,1118,0,1118,0,19,19
351386,350282,1104,0,1104,0,19,19
356464,356118,346,63,283,0,11,12
351351,350023,1328,0,1328,0,19,19
360668,360264,404,0,404,0,18,18
364083,364002,81,0,81,0,9,9
361605,360705,900,0,900,0,19,19
362266,361017,1249,68,1181,0,19,20
362877,362435,442,28,414,0,15,16
365964,364609,1355,0,1355,0,19,19
369472,369427,45,0,45,0,7,7
370653,369678,975,42,933,0,19,20
365597,364673,924,0,924,0,18,18
366810,366493,317,0,316,1,11,11
369680,368894,786,45,741,0,17,18
373297,371894,1403,116,1287,0,19,20
372445,372179,266,0,266,0,6,6
370414,369261,1153,0,1153,0,19,19
371720,371508,212,0,212,0,8,8
372165,371003,1162,0,1162,0,19,19
371928,371550,378,58,320,0,9,10
372805,371554,1251,0,1251,0,19,19
374039,372799,1240,0,1240,0,19,19
370601,370599,2,0,2,0,2,2
370064,370021,43,0,43,0,6,6
380826,380822,4,0,4,0,1,1
380514,380412,102,0,102,0,7,7
378715,377746,969,0,969,0,17,17
376321,374755,1566,0,1566,0,19,19
372668,372318,350,123,227,0,9,10
371414,369848,1566,38,1528,0,18,19
369469,369468,1,0,1,0,1,1
372355,371343,1012,0,1012,0,19,19
374973,374962,11,0,11,0,2,2
380791,380791,0,0,0,0,0,0
376420,375852,568,0,568,0,17,17
375420,375077,343,0,343,0,13,13
374648,374551,97,0,97,0,1,1
375545,375087,458,0,458,0,12,12
372846,372598,248,0,248,0,9,9
369328,369268,60,0,60,0,5,5
364639,364205,434,0,434,0,9,9
366852,366811,41,0,41,0,6,6
361105,360388,717,0,717,0,19,19
351055,349893,1162,0,1162,0,19,19
354769,353703,1066,0,1066,0,19,19
347946,346816,1130,0,1130,0,18,18
345398,345150,248,0,248,0,11,11
351628,351625,3,0,3,0,1,1
352076,351690,386,0,386,0,10,10
349214,348799,415,0,415,0,12,12
353062,352443,619,0,619,0,18,18
355065,354488,577,0,577,0,12,12
347380,347285,95,65,30,0,4,5
347931,347571,360,0,360,0,15,15
342766,342047,719,105,614,0,18,19
343975,342843,1132,111,1021,0,18,19
342074,341609,465,0,465,0,17,17
342649,342278,371,69,302,0,8,9
342815,342160,655,0,655,0,16,16
343105,342249,856,0,856,0,19,19
342512,341936,576,0,576,0,17,17
345377,345122,255,0,255,0,9,9
339705,339129,576,0,576,0,15,15
330612,329826,786,0,786,0,19,19
329542,329542,0,0,0,0,0,0
329951,329903,48,0,48,0,7,7
329711,329635,76,0,76,0,7,7
328305,327869,436,0,436,0,13,13
338910,338601,309,0,309,0,14,14
336078,336047,31,0,31,0,2,2
330515,330421,94,0,94,0,5,5
332585,331889,696,0,696,0,18,18
331079,330303,776,0,776,0,18,18
333016,332928,88,53,35,0,1,2
329176,329176,0,0,0,0,0,0
331273,330743,530,0,530,0,18,18
327188,327055,133,0,133,0,4,4
326636,326626,10,0,10,0,1,1
317254,317248,6,0,6,0,2,2
318780,317931,849,84,765,0,18,19
321661,321661,0,0,0,0,0,0
324280,324271,9,0,9,0,3,3
326600,326458,142,0,142,0,8,8
327652,326688,964,0,964,0,17,17
327326,326918,408,0,408,0,15,15
328383,328217,166,0,166,0,4,4
328009,327140,869,0,869,0,17,17
333770,333273,497,0,497,0,18,18
334715,334472,243,0,243,0,9,9
328609,328360,249,0,249,0,9,9
327923,326940,983,0,983,0,17,17
330502,329663,839,81,758,0,18,19
332684,332415,269,73,196,0,7,8
332129,331663,466,0,466,0,10,10
339566,339016,550,0,550,0,17,17
341621,340551,1070,56,1014,0,18,19
343939,343673,266,58,208,0,6,7
347396,346703,693,0,693,0,17,17
346465,346205,260,0,260,0,13,13
345583,345091,492,0,492,0,19,19
336260,336017,243,0,243,0,13,13
335705,334987,718,4,714,0,14,15
335793,335163,630,0,630,0,16,16
341882,341576,306,92,214,0,9,10
340876,340747,129,0,129,0,12,12
345805,345682,123,0,123,0,9,9
346621,346407,214,53,161,0,7,8
333163,332880,283,68,215,0,6,7
342116,341711,405,0,405,0,16,16
344539,344141,398,0,398,0,15,15
344054,343756,298,117,181,0,7,8
347206,346957,249,0,249,0,8,8
353060,352897,163,0,163,0,12,12
356854,356653,201,0,201,0,5,5
350571,350231,340,0,340,0,5,5
351140,351012,128,58,70,0,4,5
356369,356219,150,0,150,0,9,9
354495,354323,172,60,112,0,6,7
355472,355371,101,0,101,0,6,6
356408,356291,117,0,117,0,4,4
361068,360769,299,0,299,0,8,8
361176,360958,218,0,218,0,10,10
360212,359772,440,101,339,0,16,17
360367,360002,365,0,365,0,11,11
358920,358307,613,0,613,0,19,19
358719,358392,327,0,327,0,15,15
363944,363908,36,0,36,0,2,2
363807,363056,751,55,696,0,17,18
363839,363352,487,0,487,0,12,12
365102,364883,219,0,219,0,9,9
369985,369712,273,0,273,0,12,12
370724,370466,258,0,258,0,11,11
371687,371613,74,0,74,0,5,5
364709,364452,257,0,257,0,9,9
364908,364713,195,118,77,0,6,7
362145,361988,157,0,157,0,7,7
359018,358811,207,88,119,0,8,9
362060,361814,246,0,246,0,7,7
363108,363027,81,0,81,0,7,7
367508,367353,155,0,155,0,10,10
366712,365977,735,0,735,0,19,19
366101,365483,618,45,573,0,18,19
361747,361689,58,31,27,0,4,5
356084,356084,0,0,0,0,0,0
354275,354115,160,0,160,0,7,7
358742,358191,551,56,495,0,15,16
362270,361930,340,0,340,0,17,17
361195,361015,180,49,131,0,5,6
356814,356769,45,0,45,0,2,2
355366,354744,622,0,622,0,18,18
356349,356287,62,0,62,0,6,6
357163,356998,165,0,165,0,7,7
361949,361640,309,31,278,0,14,15
369119,368429,690,0,690,0,18,18
372139,371623,516,0,516,0,18,18
364905,364488,417,0,417,0,14,14
361680,361153,527,0,527,0,18,18
359977,359564,413,0,413,0,15,15
360769,360122,647,0,647,0,19,19
358245,357530,715,0,715,0,17,17
360271,360096,175,0,175,0,8,8
366611,365847,764,0,764,0,17,17
368169,367916,253,38,215,0,14,15
366815,366813,2,0,2,0,1,1
359482,359158,324,0,324,0,13,13
353935,353261,674,0,674,0,17,17
352057,351546,511,66,445,0,19,20
359099,359049,50,0,50,0,2,2
359189,358878,311,35,276,0,12,13
359012,359000,12,0,12,0,1,1
361862,361786,76,0,76,0,10,10
361871,361820,51,0,51,0,5,5
360504,360252,252,0,252,0,14,14
361728,361588,140,0,139,1,12,12
358679,358367,312,0,312,0,12,12
351494,351176,318,0,318,0,10,10
349432,349103,329,0,329,0,12,12
348239,348174,65,0,65,0,9,9
345636,345406,230,0,230,0,10,10
345112,345045,67,0,67,0,1,1
345055,345015,40,0,40,0,4,4
335830,335565,265,0,265,0,9,9
330049,330019,30,0,30,0,1,1
337735,337623,112,0,112,0,3,3
337327,337187,140,0,140,0,4,4
336539,336319,220,0,220,0,9,9
334970,334482,488,0,488,0,17,17
340628,340627,1,0,1,0,1,1
339280,339150,130,0,130,0,6,6
331698,331131,567,0,567,0,17,17
332031,331926,105,0,105,0,7,7
329009,328998,11,0,11,0,2,2
324454,324193,261,0,261,0,11,11
326662,326278,384,0,384,0,16,16
328394,328303,91,0,91,0,4,4
329587,329447,140,16,124,0,7,8
331061,330896,165,0,165,0,10,10
333856,333006,850,0,850,0,18,18
335536,335073,463,0,463,0,18,18
334286,334117,169,0,169,0,9,9
332732,331993,739,45,694,0,18,19
326827,326566,261,0,261,0,19,19
328229,327727,502,0,502,0,17,17
329911,329603,308,0,308,0,14,14
328155,327757,398,17,381,0,18,19
330452,329843,609,0,609,0,18,18
334022,333854,168,0,168,0,10,10
323221,322868,353,0,353,0,16,16
328538,327737,801,0,801,0,18,18
333111,333070,41,0,41,0,2,2
329321,328958,363,24,339,0,12,13
333117,332430,687,0,687,0,18,18
335305,334859,446,54,392,0,16,17
332819,332618,201,17,184,0,6,7
336680,336388,292,0,292,0,16,16
334983,334653,330,0,330,0,13,13
336816,336676,140,69,71,0,4,5
340345,339988,357,0,357,0,14,14
342539,342372,167,49,118,0,3,4
344094,343834,260,49,211,0,7,8
345701,345625,76,0,76,0,8,8
351228,350860,368,69,299,0,12,13
354516,354507,9,0,9,0,3,3
358035,357878,157,0,157,0,4,4
360814,360189,625,0,625,0,16,16
364495,364180,315,0,315,0,12,12
365932,365885,47,0,47,0,3,3
366605,366497,108,0,108,0,14,14
371798,371611,187,0,187,0,15,15
377786,377701,85,39,46,0,2,3
376644,376429,215,0,215,0,12,12
374245,374245,0,0,0,0,0,0
375970,375591,379,142,237,0,11,12
367498,367495,3,0,3,0,1,1
365899,365028,871,111,760,0,19,20
370656,370295,361,0,361,0,15,15
368562,368553,9,0,9,0,4,4
367575,367568,7,0,7,0,3,3
365885,365027,858,0,858,0,18,18
368265,368087,178,30,148,0,3,4
377804,377741,63,0,63,0,2,2
377209,376437,772,86,686,0,14,15
379787,379783,4,0,4,0,1,1
375778,375532,246,0,246,0,6,6
374985,374722,263,0,263,0,16,16
374695,374643,52,0,52,0,3,3
377964,377880,84,0,84,0,3,3
375906,375633,273,0,273,0,11,11
385900,385805,95,0,95,0,8,8
384174,383978,196,0,196,0,12,12
381111,380822,289,0,289,0,9,9
385247,385192,55,48,7,0,1,2
390859,390162,697,0,697,0,13,13
385955,385654,301,0,301,0,10,10
382465,381842,623,0,623,0,17,17
389525,389505,20,0,20,0,4,4
387784,386744,1040,117,923,0,17,18
385171,385067,104,0,104,0,4,4
390302,390142,160,0,160,0,6,6
397592,396533,1059,0,1059,0,19,19
393233,393202,31,0,31,0,1,1
389137,388791,346,0,346,0,13,13
388809,388713,96,0,96,0,5,5
392568,392218,350,56,294,0,13,14
384421,384204,217,0,217,0,6,6
381714,381501,213,0,213,0,12,12
389082,388149,933,52,881,0,17,18
387775,387364,411,118,293,0,6,7
380760,380755,5,0,5,0,2,2
376078,376005,73,0,73,0,4,4
381554,381277,277,0,277,0,11,11
383494,383244,250,0,250,0,4,4
387253,386189,1064,112,952,0,16,17
393627,393402,225,0,225,0,9,9
396224,396160,64,0,64,0,1,1
395703,395657,46,0,46,0,2,2
391790,391720,70,0,70,0,2,2
394851,394851,0,0,0,0,0,0
393683,393674,9,0,9,0,2,2
392151,392151,0,0,0,0,0,0
388896,388894,2,0,2,0,1,1
389512,389449,63,0,63,0,6,6
393202,393202,0,0,0,0,0,0
395038,395038,0,0,0,0,0,0
398445,398444,1,0,1,0,1,1
393023,393023,0,0,0,0,0,0
393145,393145,0,0,0,0,0,0
383826,383812,14,0,14,0,3,3
387490,387069,421,110,311,0,9,10
386606,386446,160,75,85,0,4,5
384198,383991,207,91,116,0,3,4
378264,378244,20,0,20,0,2,2
376538,376529,9,0,9,0,1,1
378242,377440,802,96,706,0,14,15
379942,379942,0,0,0,0,0,0
380580,380579,1,0,1,0,1,1
377303,376972,331,0,331,0,11,11
368303,368303,0,0,0,0,0,0
366979,366974,5,0,5,0,2,2
369947,369877,70,68,2,0,1,2
368787,368629,158,0,158,0,6,6
366414,366296,118,0,118,0,4,4
370164,370164,0,0,0,0,0,0
369806,369250,556,0,556,0,13,13
364781,364138,643,114,529,0,6,7
358841,358471,370,0,370,0,5,5
352801,352800,1,0,1,0,1,1
353694,353590,104,86,18,0,2,3
352859,352291,568,32,536,0,12,13
353667,353462,205,95,110,0,2,3
357103,356916,187,0,187,0,3,3
360580,359101,1479,0,1479,0,17,17
359983,359691,292,0,292,0,13,13
356022,355455,567,99,468,0,7,8
355724,355089,635,0,635,0,16,16
362479,362343,136,68,68,0,4,5
367332,367032,300,58,242,0,10,11
367493,366977,516,0,516,0,11,11
372528,372528,0,0,0,0,0,0
373668,373521,147,100,47,0,1,2
376953,376820,133,91,42,0,1,2
370620,370619,1,0,1,0,1,1
371730,371730,0,0,0,0,0,0
374201,374199,2,0,2,0,2,2
372378,372346,32,0,32,0,2,2
373023,371904,1119,0,1119,0,15,15
377273,377236,37,0,37,0,2,2
380068,379961,107,0,107,0,2,2
386790,386787,3,0,3,0,1,1
386040,385949,91,0,91,0,5,5
384798,384797,1,0,1,0,1,1
382328,382260,68,0,68,0,3,3
380788,380472,316,0,316,0,11,11
380147,380044,103,0,103,0,3,3
378327,377816,511,0,511,0,13,13
379569,379321,248,0,248,0,4,4
379222,378789,433,0,433,0,6,6
383726,383678,48,0,48,0,3,3
378179,378156,23,0,23,0,3,3
379699,379699,0,0,0,0,0,0
379561,379561,0,0,0,0,0,0
376143,376020,123,123,0,0,0,1
371584,371382,202,0,202,0,7,7
368296,368293,3,0,3,0,1,1
365548,365547,1,0,1,0,1,1
363989,363989,0,0,0,0,0,0
359107,359049,58,0,58,0,2,2
364791,364774,17,0,17,0,1,1
363766,363223,543,0,543,0,12,12
353630,353628,2,0,2,0,1,1
348298,348214,84,0,84,0,3,3
349615,349404,211,101,110,0,3,4
353080,352723,357,192,165,0,8,9
350921,350910,11,0,11,0,1,1
349628,349627,1,0,1,0,1,1
351193,351193,0,0,0,0,0,0
352854,352841,13,0,13,0,2,2
348786,348771,15,0,15,0,2,2
348674,348585,89,89,0,0,0,1
353496,353195,301,129,172,0,3,4
355181,355181,0,0,0,0,0,0
354292,354203,89,0,89,0,3,3
353270,353270,0,0,0,0,0,0
351061,350647,414,0,414,0,12,12
348401,348296,105,0,105,0,4,4
351612,351607,5,0,5,0,1,1
337487,337475,12,0,12,0,1,1
338186,338186,0,0,0,0,0,0
337934,337826,108,0,108,0,9,9
339344,339187,157,94,63,0,2,3
339874,339755,119,0,119,0,3,3
339732,339528,204,0,204,0,8,8
335778,335776,2,0,2,0,1,1
338019,338019,0,0,0,0,0,0
344295,343755,540,0,540,0,15,15
347886,347228,658,159,499,0,14,15
352156,352146,10,0,10,0,2,2
347457,346867,590,0,590,0,13,13
349204,349024,180,139,41,0,2,3
341645,340889,756,0,756,0,18,18
342596,342441,155,0,155,0,4,4
343969,343756,213,0,213,0,4,4
348106,347844,262,102,160,0,5,6
348354,348290,64,0,64,0,2,2
347470,347347,123,122,1,0,1,2
346997,346997,0,0,0,0,0,0
342595,342589,6,0,6,0,1,1
341259,340650,609,0,609,0,10,10
342343,342229,114,0,114,0,8,8
345842,345689,153,39,114,0,8,9
346553,346448,105,0,105,0,3,3
348301,348125,176,0,176,0,7,7
351244,351165,79,0,79,0,1,1
350694,350492,202,0,202,0,4,4
348691,348691,0,0,0,0,0,0
347518,347374,144,0,144,0,2,2
350000,349871,129,125,4,0,1,2
355446,355446,0,0,0,0,0,0
347669,347493,176,89,87,0,5,6
349383,349241,142,139,3,0,2,3
346438,346438,0,0,0,0,0,0
344800,344694,106,89,17,0,3,4
342693,342266,427,0,427,0,13,13
344380,344211,169,154,15,0,2,3
347804,347697,107,107,0,0,0,1
351403,351337,66,0,66,0,2,2
350866,350361,505,0,505,0,17,17
357521,357333,188,0,188,0,8,8
358607,358606,1,0,1,0,1,1
355556,355119,437,0,437,0,9,9
354520,354487,33,0,33,0,3,3
352004,351939,65,0,65,0,4,4
353047,353046,1,0,1,0,1,1
357008,356574,434,0,434,0,10,10
358591,357932,659,0,659,0,11,11
363815,363245,570,103,467,0,12,13
372023,370576,1447,0,1447,0,16,16
368946,368746,200,0,200,0,3,3
370605,369754,851,147,704,0,15,16
374411,372678,1733,0,1733,0,18,18
376522,374733,1789,0,1789,0,15,15
379017,378527,490,0,490,0,12,12
385680,385200,480,0,480,0,14,14
402512,401899,613,0,613,0,7,7
407014,405835,1179,0,1179,0,18,18
408751,408541,210,0,210,0,5,5
426424,425811,613,0,613,0,14,14
431956,429640,2316,0,2316,0,19,19
439846,439307,539,127,412,0,6,7
441833,441648,185,0,185,0,7,7
448794,446353,2441,0,2441,0,19,19
456743,454516,2227,0,2227,0,19,19
457836,457835,1,0,1,0,1,1
460175,459466,709,0,709,0,19,19
489505,487933,1572,0,1572,0,17,17
488757,488284,473,0,473,0,10,10
483568,483452,116,0,116,0,4,4
487028,485298,1730,0,1730,0,19,19
494724,494146,578,0,578,0,10,10
505062,503985,1077,0,1077,0,14,14
506531,506514,17,0,17,0,2,2
516245,516085,160,0,160,0,2,2
528693,528344,349,0,349,0,5,5
535114,534286,828,0,828,0,14,14
544987,544984,3,0,3,0,1,1
541550,540759,791,0,791,0,8,8
554082,553849,233,0,233,0,4,4
561176,560704,472,112,360,0,5,6
563101,562776,325,0,325,0,5,5
589556,589521,35,0,35,0,2,2
635363,635343,20,0,20,0,2,2
645069,644600,469,0,469,0,7,7
646555,646371,184,0,184,0,2,2
641187,640164,1023,0,1023,0,9,9
649619,649615,4,0,4,0,3,3
664170,663615,555,0,555,0,6,6
674082,673189,893,0,893,0,13,13
686787,686237,550,0,550,0,8,8
697354,696834,520,330,190,0,2,3
695009,693723,1286,365,921,0,16,17
699390,697689,1701,0,1701,0,18,18
702365,701928,437,0,437,0,8,8
711936,710649,1287,0,1287,0,14,14
728977,728651,326,326,0,0,0,1
744840,743546,1294,0,1294,0,13,13
750462,749929,533,261,272,0,6,7
745179,744092,1087,236,851,0,8,9
761194,761190,4,0,4,0,1,1
775356,774384,972,0,972,0,12,12
783747,782818,929,276,653,0,5,6
791651,791190,461,0,461,0,4,4
795545,794353,1192,0,1192,0,12,12
794778,794553,225,0,225,0,3,3
774436,773073,1363,0,1363,0,7,7
776027,773072,2955,0,2955,0,17,17
794986,792479,2507,445,2062,0,18,19
813483,812820,663,0,663,0,10,10
806345,805306,1039,0,1039,0,8,8
1106380,1100956,5424,0,5424,0,18,18
1111574,1109461,2113,0,2113,0,17,17
1114263,1113670,593,563,30,0,2,3
1121842,1120660,1182,0,1182,0,16,16
1140474,1135567,4907,342,4565,0,18,19
1104926,1104395,531,0,531,0,4,4
1157275,1154668,2607,0,2607,0,15,15
1152139,1148643,3496,0,3496,0,15,15
1145874,1143052,2822,0,2822,0,18,18
1149443,1149059,384,192,192,0,3,4
1161111,1159874,1237,0,1237,0,13,13
1141953,1141585,368,0,368,0,8,8
1150465,1149940,525,396,129,0,3,4
1155541,1155541,0,0,0,0,0,0
1148508,1148508,0,0,0,0,0,0
1145278,1144982,296,0,296,0,2,2
1155593,1151600,3993,0,3993,0,19,19
1143681,1139517,4164,0,4164,0,18,18
1144870,1137779,7091,0,7091,0,19,19
1165932,1164776,1156,0,1156,0,2,2
