"POSITION","REF_CODON","CODON","REF_AA","AA","FWD_CNT","FWD_DENOM","REV_CNT","REV_DENOM","CNT","DENOM","std.bias","id"
51,"TAC","AAC","Y","N",0,132228,7,135688,7,267916,4.12346486841731,995
85,"TTT","GTT","F","V",17,156223,0,128234,17,284457,5.39054542664114,1607
123,"AAA","GAA","K","E",7,165400,0,153565,7,318965,4.02815325683715,2188
239,"ATT","AGT","I","S",1,170658,23,148222,24,318880,4.97503653467215,3992
265,"TTC","GTC","F","V",0,180720,90,155518,90,336238,9.02180831291457,4335
290,"AAT","ACT","N","T",8,136151,0,181223,8,317374,4.40134108116103,4596
290,"AAT","CAT","N","H",498,136151,1,181223,499,317374,11.0389268290883,4599
331,"ACA","ATA","T","I",8,171900,0,157946,8,329846,4.23987259738493,5305
360,"GCC","AGT","A","S",0,145512,8,165791,8,311303,4.14940561823044,5772
375,"AAC","CAC","N","H",0,165443,10,146192,10,311635,4.80222224964696,6018
410,"TAC","TCC","Y","S",21,161006,0,167110,21,328116,6.18400079780515,6655
431,"CTG","AAA","L","K",0,155393,9,171500,9,326893,4.41996642463471,6930
452,"TGT","TGA","C",".",0,182844,7,158424,7,341268,4.17054326408406,7269
462,"ATG","CTG","M","L",0,183381,19,156458,19,339839,5.99328219064473,7401
506,"TTC","ATC","F","I",7,148380,0,174528,7,322908,4.17010943449008,7976
529,"ATA","ATC","I","I",0,144038,8,163423,8,307461,4.1580176236932,8283
595,"ATG","CTG","M","L",9,132055,0,136653,9,268708,4.6144630544837,9237
646,"CCT","CAA","P","Q",0,142354,7,151114,7,293468,4.05667180561968,9818
647,"ATA","ATC","I","I",15,139465,0,151940,15,291405,5.54846106248548,9838
652,"CTC","ATC","L","I",0,135909,8,155862,8,291771,4.13596911146773,9920
693,"TAC","AAC","Y","N",0,119472,7,124926,7,244398,4.08709362429136,10502
759,"TTT","ATT","F","I",2,329393,28,210462,30,539855,4.54172598984843,11415
760,"TCA","TTT","S","F",12,318640,0,239325,12,557965,4.56799875614895,11444
