"POSITION","REF_CODON","CODON","REF_AA","AA","FWD_CNT","FWD_DENOM","REV_CNT","REV_DENOM","CNT","DENOM","std.bias","id"
11,"GCA","TGT","A","C",0,125500,31,212537,31,338037,5.88101015205328,195
107,"ACA","TCA","T","S",7,153575,0,143404,7,296979,4.03914913130368,1868
138,"AGG","AAA","R","K",1,186372,14,155522,15,341894,4.0421044661433,2325
163,"CCA","CAA","P","Q",7,171702,0,174230,7,345932,4.17394426763372,2671
175,"AAT","ACT","N","T",13,167468,0,175847,13,343315,5.28273025097619,2872
209,"AGA","TGA","R",".",0,162338,9,179185,9,341523,4.41982316523906,3522
239,"ATT","AGT","I","S",0,179687,12,155525,12,335212,5.13431976549029,3983
265,"TTC","GTC","F","V",1,191977,51,163213,52,355190,6.51726117769955,4327
290,"AAT","ACT","N","T",11,144260,0,191016,11,335276,4.97373798128113,4591
290,"AAT","CAT","N","H",488,144260,0,191016,488,335276,12.3847273470562,4594
349,"GCA","GGT","A","G",0,155987,8,180927,8,336914,4.11428703969382,5566
362,"TTT","TCT","F","S",11,155392,0,159837,11,315229,4.97635602090483,5815
410,"TAC","TCC","Y","S",14,171594,0,179400,14,350994,5.4201594506405,6635
440,"TCT","ACT","S","T",0,161567,7,173905,7,335472,4.03047791743143,7041
452,"TGT","TGA","C",".",0,183600,7,168533,7,352133,4.17196262990743,7288
540,"TTT","ATT","F","I",0,147060,10,165337,10,312397,4.57207851610773,8456
647,"ATA","ATC","I","I",12,144858,0,161862,12,306720,5.13462566812044,9897
760,"TCA","TTT","S","F",11,314558,0,302409,11,616967,4.89913101533218,11531
