"POSITION","REF_CODON","CODON","REF_AA","AA","FWD_CNT","FWD_DENOM","REV_CNT","REV_DENOM","CNT","DENOM","std.bias","id"
51,"TAC","AAC","Y","N",0,110395,10,113378,10,223773,4.75109992860484,982
121,"CAA","TGT","Q","C",0,138079,7,123418,7,261497,4.17128728587644,2127
171,"ACC","TAT","T","Y",8,136450,0,145118,8,281568,4.40530291058455,2805
219,"GAA","GAT","E","D",8,130770,0,125755,8,256525,4.32880407025246,3642
222,"GTT","ATT","V","I",9,136948,0,123547,9,260495,4.41134312734556,3709
239,"ATT","AGT","I","S",0,143554,14,124284,14,267838,5.41942558792351,3945
263,"TAC","TTC","Y","F",9,154045,0,132609,9,286654,4.3189285981053,4281
265,"TTC","GTC","F","V",0,150437,60,132054,60,282491,8.22195455519185,4295
290,"AAT","CAT","N","H",354,111256,1,151764,355,263020,10.3579581637997,4551
317,"TCA","TTA","S","L",8,131829,0,118785,8,250614,4.2009266987596,4991
395,"ACC","AAC","T","N",10,143219,0,125959,10,269178,4.54947924477853,6357
410,"TAC","AAC","Y","N",0,135780,7,142146,7,277926,4.08377585294322,6630
410,"TAC","TCC","Y","S",27,135780,0,142146,27,277926,6.66557163380613,6636
466,"GTA","GAA","V","E",0,143717,8,136690,8,280407,4.40555603700304,7417
542,"TAC","TTC","Y","F",7,118362,0,129050,7,247412,4.17193777560031,8464
551,"CCT","CTT","P","L",7,111674,0,115459,7,227133,4.17338568782564,8572
584,"TAC","AAC","Y","N",0,114636,12,123089,12,237725,4.99470829698768,9077
647,"ATA","ATC","I","I",19,117613,1,127200,20,244813,4.61368293413735,9844
692,"CAG","AAG","Q","K",7,100135,0,107259,7,207394,4.17240602985025,10485
760,"TCA","TTT","S","F",10,273391,0,208617,10,482008,4.26934533408742,11443
770,"TTT","TGT","F","C",7,104154,0,376029,7,480183,4.16008072888379,11577
