"POSITION","REF_CODON","CODON","REF_AA","AA","FWD_CNT","FWD_DENOM","REV_CNT","REV_DENOM","CNT","DENOM","std.bias","id"
37,"GCG","ACG","A","T",0,84483,12,122154,12,206637,4.40577727970692,684
56,"GGA","GCT","G","A",13,110562,0,86181,13,196743,4.78856014187783,1069
122,"GCA","GCC","A","A",0,141679,9,126318,9,267997,4.61308745014337,2133
194,"AAC","GAC","N","D",0,132206,7,143860,7,276066,4.00835414502459,3281
218,"GAG","TAC","E","Y",7,134456,0,131026,7,265482,4.12368490323214,3622
258,"AAG","ACG","K","T",17,149848,0,126652,17,276500,5.44919599221283,4183
265,"TTC","GTC","F","V",1,156414,14,131862,15,288276,4.04236242171522,4259
290,"AAT","CAT","N","H",186,127775,0,154017,186,281792,10.4622368557448,4516
311,"ATA","ATC","I","I",0,133023,7,144586,7,277609,4.01076668929847,4805
368,"TCC","AAT","S","N",8,139591,0,119458,8,259049,4.0998452079655,5871
385,"GCA","GTA","A","V",13,155279,0,123159,13,278438,4.82288784465363,6184
440,"TCT","CCA","S","P",0,136324,8,143376,8,279700,4.30709151484744,7047
647,"ATA","ATC","I","I",9,119560,0,136370,9,255930,4.61282681504806,9912
