coverage,wt.counts,mut.count,s.count,ns.count,stp.count,aa.sampled,codons.sampled
2103865,2101245,2620,0,2620,0,19,19
2094863,2092101,2762,0,2762,0,19,19
2096937,2094683,2254,0,2254,0,19,19
2097626,2094825,2801,0,2801,0,19,19
2082584,2078781,3803,0,3803,0,19,19
2070098,2067303,2795,0,2795,0,19,19
2090279,2087644,2635,0,2635,0,19,19
2048935,2046370,2565,0,2565,0,19,19
2100021,2097532,2489,0,2489,0,19,19
2074806,2072197,2609,0,2482,127,20,20
2056429,2053454,2975,0,2845,130,20,20
2081950,2079363,2587,166,2421,0,19,20
2082001,2078644,3357,0,3357,0,19,19
2060283,2057808,2475,0,2475,0,19,19
2027192,2024818,2374,0,2289,85,20,20
2038153,2035960,2193,0,2193,0,19,19
2080447,2077686,2761,0,2645,116,20,20
2078633,2075461,3172,0,3172,0,19,19
1892316,1889960,2356,0,2356,0,19,19
1994298,1991566,2732,0,2553,179,20,20
1993541,1990347,3194,138,3056,0,19,20
2006792,2003985,2807,0,2660,147,20,20
1944960,1942826,2134,0,2134,0,19,19
1974427,1971612,2815,0,2815,0,19,19
1924744,1923593,1151,101,1050,0,9,10
1088187,1086888,1299,0,1299,0,19,19
1101764,1100277,1487,84,1403,0,19,20
1129523,1128116,1407,0,1407,0,19,19
1136152,1134843,1309,0,1309,0,19,19
1141354,1139899,1455,72,1383,0,19,20
1118786,1117455,1331,0,1331,0,19,19
1134036,1132721,1315,0,1315,0,19,19
1136224,1134781,1443,0,1443,0,19,19
1128584,1127114,1470,0,1400,70,20,20
1100322,1098957,1365,0,1365,0,19,19
1094368,1093106,1262,0,1262,0,19,19
1101873,1100579,1294,0,1201,93,20,20
1103472,1102051,1421,0,1421,0,19,19
1087862,1086263,1599,0,1502,97,20,20
1108270,1106832,1438,42,1396,0,19,20
1118790,1117367,1423,0,1383,40,20,20
1114914,1113540,1374,0,1374,0,19,19
1098347,1097047,1300,48,1252,0,19,20
1041904,1040831,1073,0,1073,0,19,19
1062605,1061366,1239,56,1183,0,19,20
1070432,1068790,1642,65,1577,0,19,20
1076096,1074964,1132,0,1079,53,20,20
1090891,1089761,1130,52,1078,0,19,20
1103767,1102328,1439,0,1439,0,19,19
1115545,1114078,1467,0,1467,0,19,19
1130285,1128784,1501,0,1501,0,19,19
1127284,1125928,1356,0,1356,0,19,19
1118676,1117360,1316,0,1316,0,19,19
1109277,1107948,1329,0,1329,0,19,19
1088292,1086891,1401,0,1401,0,19,19
1076753,1075505,1248,0,1248,0,19,19
1064317,1062723,1594,0,1594,0,19,19
1059803,1058184,1619,0,1619,0,19,19
1040700,1039364,1336,0,1336,0,19,19
1024335,1022751,1584,61,1523,0,19,20
1025028,1023692,1336,0,1336,0,19,19
1012868,1011480,1388,0,1388,0,19,19
1035430,1034321,1109,0,1109,0,19,19
1047888,1046162,1726,0,1726,0,19,19
1027223,1025908,1315,0,1315,0,19,19
1009601,1008390,1211,0,1211,0,19,19
992036,990892,1144,0,1103,41,20,20
979157,977947,1210,0,1159,51,20,20
976672,975890,782,0,782,0,19,19
970269,969596,673,0,673,0,19,19
954339,953398,941,0,941,0,19,19
954966,953840,1126,45,1081,0,19,20
952587,950708,1879,0,1740,139,20,20
954584,953390,1194,0,1194,0,19,19
940757,939605,1152,0,1152,0,19,19
946660,945571,1089,0,1089,0,19,19
951241,950123,1118,0,1056,62,20,20
962775,961520,1255,0,1255,0,19,19
930236,929319,917,0,917,0,17,17
936002,934995,1007,46,961,0,19,20
923026,921994,1032,0,1032,0,19,19
906832,905597,1235,0,1164,71,20,20
901451,900088,1363,0,1363,0,19,19
866690,865466,1224,0,1224,0,19,19
875564,874421,1143,0,1143,0,19,19
863199,861706,1493,68,1425,0,19,20
869015,867861,1154,0,1154,0,19,19
847020,845611,1409,0,1348,61,20,20
845565,844472,1093,0,1093,0,19,19
838699,837500,1199,0,1138,61,20,20
828981,827728,1253,0,1198,55,20,20
809396,808170,1226,55,1171,0,19,20
821765,820501,1264,0,1209,55,20,20
824083,822862,1221,0,1165,56,20,20
819719,818611,1108,0,1037,71,20,20
829688,828680,1008,0,1008,0,19,19
816535,815329,1206,54,1152,0,19,20
828774,827469,1305,65,1240,0,19,20
828258,827144,1114,0,1054,60,20,20
828345,827157,1188,0,1140,48,20,20
825514,824490,1024,43,981,0,19,20
819879,818959,920,0,920,0,19,19
806092,805070,1022,0,974,48,20,20
804561,803497,1064,42,1022,0,19,20
810217,808973,1244,75,1169,0,19,20
798975,797955,1020,0,1020,0,19,19
779948,779045,903,0,903,0,19,19
778053,777040,1013,0,1013,0,19,19
787963,787087,876,0,876,0,19,19
789241,788297,944,40,904,0,19,20
788980,787765,1215,0,1164,51,20,20
779010,778093,917,0,917,0,19,19
761651,760845,806,0,806,0,19,19
769436,768515,921,0,921,0,19,19
774484,773499,985,0,985,0,19,19
768769,767934,835,0,835,0,19,19
744527,743679,848,0,848,0,19,19
738827,737855,972,0,972,0,19,19
725636,724726,910,59,851,0,19,20
718963,717973,990,45,945,0,19,20
727737,726921,816,0,816,0,19,19
731203,730188,1015,0,967,48,20,20
723772,722880,892,0,892,0,19,19
707585,706882,703,0,703,0,19,19
705593,704719,874,0,874,0,19,19
699776,699027,749,0,749,0,19,19
692990,692213,777,0,777,0,19,19
690517,689659,858,0,858,0,19,19
694078,693170,908,0,857,51,20,20
690040,689168,872,0,872,0,19,19
684232,683186,1046,0,1046,0,19,19
679525,678547,978,0,978,0,19,19
675136,674376,760,0,760,0,19,19
669916,668936,980,0,910,70,20,20
655446,654701,745,0,745,0,19,19
657024,656215,809,0,775,34,20,20
653106,652266,840,0,840,0,19,19
642967,642278,689,0,689,0,19,19
646715,646066,649,0,649,0,19,19
644116,643217,899,0,899,0,19,19
637924,637020,904,0,904,0,19,19
633610,632657,953,0,953,0,19,19
637382,636599,783,38,745,0,19,20
626103,625073,1030,0,1030,0,19,19
621099,620042,1057,46,1011,0,19,20
621632,620754,878,30,848,0,19,20
625240,624335,905,0,905,0,19,19
623801,622770,1031,22,1009,0,19,20
609310,608375,935,0,870,65,20,20
604602,603868,734,0,734,0,19,19
613328,612619,709,0,709,0,19,19
625425,624497,928,0,928,0,19,19
622927,621986,941,0,941,0,19,19
607867,606951,916,0,869,47,20,20
612003,611242,761,0,761,0,19,19
611398,610707,691,0,691,0,19,19
622199,621535,664,0,644,20,20,20
631087,630313,774,0,774,0,19,19
625413,624663,750,0,750,0,19,19
632778,632081,697,0,697,0,19,19
647999,647319,680,0,639,41,20,20
634114,633036,1078,0,1020,58,20,20
641739,640904,835,0,835,0,19,19
645319,644526,793,45,748,0,19,20
654852,653884,968,0,968,0,19,19
645959,645081,878,0,878,0,19,19
652534,651687,847,0,847,0,19,19
645368,644346,1022,0,1022,0,19,19
648668,647689,979,0,979,0,19,19
636723,635848,875,43,832,0,19,20
629179,628427,752,0,752,0,19,19
635504,634532,972,0,972,0,19,19
638743,638036,707,0,707,0,19,19
643109,642378,731,0,731,0,19,19
641373,640538,835,0,804,31,20,20
632622,631875,747,0,747,0,19,19
645345,644560,785,0,785,0,19,19
648931,648013,918,0,879,39,20,20
651812,651030,782,0,745,37,20,20
648479,647757,722,0,722,0,19,19
639756,638963,793,0,793,0,19,19
655825,654932,893,52,841,0,19,20
661816,660965,851,56,795,0,19,20
673388,672288,1100,0,1066,34,20,20
668423,667443,980,0,909,71,20,20
675300,674447,853,49,804,0,19,20
683771,682972,799,48,751,0,19,20
691385,690592,793,0,740,53,20,20
694741,693909,832,0,832,0,19,19
693888,692915,973,0,937,36,20,20
689034,688129,905,0,905,0,19,19
665647,664881,766,4,762,0,19,20
689823,689121,702,0,702,0,19,19
699508,698558,950,42,908,0,19,20
698710,697771,939,0,903,36,20,20
687866,686909,957,0,931,26,20,20
701848,701030,818,31,787,0,19,20
701516,700639,877,62,815,0,19,20
700622,699387,1235,0,1158,77,20,20
683769,683050,719,0,719,0,19,19
699149,698277,872,76,796,0,19,20
716038,715181,857,0,857,0,19,19
715962,715195,767,0,767,0,19,19
715692,714780,912,0,912,0,19,19
719697,718852,845,0,845,0,19,19
716393,715421,972,33,939,0,19,20
714608,713872,736,0,736,0,19,19
719804,718904,900,32,868,0,19,20
730777,730029,748,0,748,0,19,19
732972,732234,738,0,738,0,19,19
735935,735097,838,0,816,22,20,20
741050,740233,817,0,779,38,20,20
736700,735670,1030,34,996,0,19,20
723071,722122,949,0,949,0,19,19
736499,735682,817,0,817,0,19,19
734933,734146,787,0,787,0,19,19
743254,742389,865,0,865,0,19,19
746820,745939,881,37,844,0,19,20
749546,748665,881,0,881,0,19,19
740521,739618,903,0,903,0,19,19
747310,746385,925,0,891,34,20,20
749894,749012,882,0,882,0,19,19
742797,742038,759,0,759,0,19,19
749347,748294,1053,0,1053,0,19,19
734303,733261,1042,68,974,0,19,20
724472,723601,871,0,871,0,19,19
726671,725762,909,50,859,0,19,20
735715,734845,870,0,870,0,19,19
735640,734859,781,0,781,0,19,19
732428,731661,767,0,767,0,19,19
733965,732959,1006,0,1006,0,19,19
713194,712353,841,27,814,0,19,20
718811,717959,852,57,795,0,19,20
726661,725703,958,0,958,0,19,19
722772,721832,940,0,940,0,19,19
716212,714847,1365,85,1280,0,19,20
713100,712245,855,0,855,0,19,19
709263,708511,752,42,710,0,19,20
704532,703592,940,0,904,36,20,20
695494,694778,716,0,716,0,19,19
684187,683478,709,0,709,0,19,19
702771,702100,671,0,622,49,20,20
715624,714941,683,21,662,0,19,20
722936,721998,938,0,904,34,20,20
722481,721432,1049,0,1049,0,19,19
722516,721505,1011,0,975,36,20,20
713437,712538,899,0,899,0,19,19
691795,690773,1022,0,1022,0,19,19
689977,689082,895,0,895,0,19,19
697218,696165,1053,0,1053,0,19,19
704767,703761,1006,0,1006,0,19,19
711192,710168,1024,0,951,73,20,20
716703,715917,786,41,745,0,19,20
719941,719076,865,0,823,42,20,20
712757,711845,912,0,912,0,19,19
685526,684524,1002,0,1002,0,19,19
685232,684282,950,23,927,0,19,20
684247,683459,788,0,788,0,19,19
695617,694737,880,38,842,0,19,20
691898,690905,993,0,993,0,19,19
688511,687388,1123,0,1055,68,20,20
690832,689840,992,0,992,0,19,19
692546,691751,795,0,795,0,19,19
693690,692827,863,0,819,44,20,20
689227,688279,948,0,948,0,19,19
676370,675430,940,0,940,0,19,19
657940,656998,942,0,942,0,19,19
671429,670655,774,0,774,0,19,19
677198,676467,731,0,731,0,19,19
664476,663568,908,0,908,0,19,19
661041,660170,871,0,871,0,19,19
648848,647909,939,0,939,0,19,19
639342,638306,1036,0,988,48,20,20
637050,636330,720,0,720,0,19,19
633210,632343,867,0,867,0,19,19
629335,628555,780,0,780,0,19,19
628200,627566,634,0,634,0,19,19
642796,641896,900,0,857,43,20,20
644873,644099,774,0,774,0,19,19
629031,628409,622,0,622,0,19,19
629316,628288,1028,0,946,82,20,20
607290,606539,751,0,751,0,19,19
601218,600498,720,0,720,0,19,19
596806,595918,888,0,853,35,20,20
599343,598662,681,0,681,0,19,19
593744,593111,633,31,602,0,19,20
609113,608277,836,0,829,7,20,20
597196,596394,802,0,802,0,19,19
614823,613683,1140,0,1071,69,20,20
628324,627571,753,0,753,0,19,19
623431,622627,804,16,788,0,19,20
609609,608896,713,0,713,0,19,19
605378,604596,782,0,746,36,20,20
597919,597172,747,0,747,0,19,19
622043,621262,781,28,753,0,19,20
618608,617688,920,0,874,46,20,20
629171,628280,891,0,831,60,20,20
631327,630686,641,0,641,0,19,19
614850,614090,760,0,725,35,20,20
630451,629657,794,0,794,0,19,19
618288,617434,854,27,827,0,19,20
616573,615840,733,0,733,0,19,19
615637,614732,905,36,869,0,19,20
606962,606257,705,14,691,0,19,20
635187,634246,941,0,851,90,20,20
643976,643132,844,0,796,48,20,20
635226,634545,681,28,653,0,19,20
637522,636911,611,0,611,0,19,19
649913,649169,744,38,706,0,19,20
661426,660503,923,64,859,0,19,20
665284,664380,904,0,863,41,20,20
664274,663318,956,56,900,0,19,20
679912,678997,915,0,915,0,19,19
691724,690874,850,0,850,0,19,19
696245,695457,788,0,788,0,19,19
715775,714841,934,0,934,0,19,19
716735,715983,752,0,752,0,19,19
729245,728313,932,0,887,45,20,20
747618,746867,751,0,751,0,19,19
746602,745697,905,52,853,0,19,20
755968,755139,829,0,829,0,19,19
765528,764919,609,0,609,0,19,19
761930,761132,798,53,745,0,19,20
756174,755387,787,0,750,37,20,20
759613,758490,1123,90,1033,0,19,20
758138,757105,1033,0,1033,0,19,19
768195,767063,1132,0,1132,0,19,19
750446,749131,1315,0,1245,70,20,20
752822,751707,1115,0,1052,63,20,20
771898,770749,1149,45,1104,0,19,20
774892,773736,1156,0,1156,0,19,19
789622,788618,1004,50,954,0,19,20
786867,785716,1151,0,1151,0,19,19
776654,775748,906,0,906,0,19,19
771112,770157,955,0,913,42,20,20
778603,777631,972,0,898,74,20,20
774451,773383,1068,0,1068,0,19,19
784596,783738,858,0,858,0,19,19
781582,780535,1047,0,1047,0,19,19
774021,772946,1075,0,1075,0,19,19
789911,789010,901,0,901,0,19,19
791146,789937,1209,51,1158,0,19,20
781147,780054,1093,0,1093,0,19,19
782575,781543,1032,0,987,45,20,20
782063,781187,876,0,876,0,19,19
773701,772640,1061,0,1061,0,19,19
774809,773890,919,65,854,0,19,20
773093,772100,993,0,931,62,20,20
778515,777592,923,0,923,0,19,19
781062,780130,932,0,932,0,19,19
779287,778147,1140,0,1077,63,20,20
776882,775845,1037,0,1037,0,19,19
758472,757436,1036,0,1036,0,19,19
759432,757917,1515,81,1434,0,19,20
765009,764175,834,0,790,44,20,20
755794,754910,884,0,884,0,19,19
748191,747097,1094,40,1054,0,19,20
743669,742776,893,61,832,0,19,20
749147,748240,907,0,840,67,20,20
738797,737712,1085,0,1085,0,19,19
730207,729052,1155,0,1155,0,19,19
742074,741094,980,0,980,0,19,19
748658,747712,946,77,869,0,19,20
755394,754458,936,0,936,0,19,19
757695,756679,1016,0,926,90,20,20
756264,755099,1165,0,1165,0,19,19
759402,758454,948,0,948,0,19,19
764063,763363,700,0,700,0,19,19
761143,760129,1014,0,1014,0,19,19
760500,759586,914,53,861,0,19,20
752428,751300,1128,0,1102,26,20,20
753714,752877,837,0,837,0,19,19
754224,753324,900,15,885,0,19,20
763023,762006,1017,0,1017,0,19,19
749495,748545,950,0,882,68,20,20
746345,745366,979,0,979,0,19,19
730302,729381,921,0,921,0,19,19
734765,733926,839,0,839,0,19,19
715958,715064,894,40,854,0,19,20
720156,719159,997,31,966,0,19,20
717133,716121,1012,57,955,0,19,20
714503,713582,921,0,921,0,19,19
702133,700978,1155,0,1155,0,19,19
688973,688032,941,60,881,0,19,20
689318,688546,772,0,772,0,19,19
702265,701336,929,0,929,0,19,19
704218,703247,971,0,971,0,19,19
699684,698743,941,0,941,0,19,19
683940,683059,881,0,881,0,19,19
685916,685010,906,29,877,0,19,20
694768,694019,749,0,725,24,20,20
710931,709892,1039,0,1039,0,19,19
697046,695946,1100,0,1100,0,19,19
692904,691661,1243,0,1243,0,19,19
695671,694272,1399,79,1320,0,19,20
699267,698546,721,0,721,0,19,19
692989,691909,1080,0,1080,0,19,19
675441,673870,1571,49,1522,0,19,20
671299,670067,1232,54,1178,0,19,20
673157,671784,1373,51,1322,0,19,20
680106,678902,1204,0,1204,0,19,19
681195,679907,1288,0,1221,67,20,20
678821,677567,1254,0,1165,89,20,20
683912,682728,1184,34,1150,0,19,20
684686,683611,1075,0,1075,0,19,19
690420,689324,1096,31,1065,0,19,20
697504,696411,1093,68,1025,0,19,20
705292,703962,1330,0,1290,40,20,20
702371,701110,1261,0,1152,109,20,20
711292,710089,1203,75,1128,0,19,20
706045,704874,1171,47,1124,0,19,20
716991,715746,1245,0,1245,0,19,19
712373,711214,1159,0,1159,0,19,19
723736,722468,1268,0,1268,0,19,19
716062,714846,1216,0,1216,0,19,19
718198,716944,1254,0,1254,0,19,19
721687,720691,996,0,996,0,19,19
729208,727930,1278,0,1278,0,19,19
733143,731998,1145,0,1145,0,19,19
738068,736763,1305,0,1305,0,19,19
737682,736454,1228,0,1179,49,20,20
741219,739657,1562,0,1483,79,20,20
741959,740691,1268,0,1268,0,19,19
741973,740776,1197,0,1197,0,19,19
750495,749303,1192,0,1192,0,19,19
751669,750452,1217,0,1161,56,20,20
756093,754870,1223,0,1161,62,20,20
750582,749311,1271,0,1271,0,19,19
752092,750844,1248,0,1248,0,19,19
735346,734121,1225,0,1225,0,19,19
730723,729524,1199,0,1199,0,19,19
737169,735788,1381,79,1302,0,19,20
737339,736193,1146,0,1146,0,19,19
731977,730718,1259,0,1259,0,19,19
721760,720462,1298,0,1298,0,19,19
708210,707135,1075,0,1075,0,19,19
719515,718512,1003,0,1003,0,19,19
716349,715213,1136,0,1136,0,19,19
713282,711967,1315,0,1218,97,20,20
709730,708629,1101,0,1101,0,19,19
684576,683640,936,0,936,0,19,19
695725,694672,1053,31,1022,0,19,20
688486,687290,1196,67,1129,0,19,20
689770,688732,1038,0,1038,0,19,19
692710,691688,1022,0,1022,0,19,19
685628,684301,1327,0,1278,49,20,20
669641,668546,1095,0,1095,0,19,19
661369,660388,981,0,981,0,19,19
670561,669446,1115,51,1064,0,19,20
669656,668495,1161,55,1106,0,19,20
660340,659167,1173,0,1173,0,19,19
659628,658403,1225,0,1225,0,19,19
660423,659472,951,0,951,0,19,19
669362,668289,1073,0,1073,0,19,19
661356,660317,1039,0,1039,0,19,19
649924,648977,947,0,947,0,19,19
656754,655605,1149,0,1149,0,19,19
643563,642593,970,0,970,0,19,19
653582,652573,1009,0,1009,0,19,19
652671,651640,1031,76,955,0,19,20
649337,648185,1152,0,1086,66,20,20
644992,644022,970,0,934,36,20,20
651953,650842,1111,0,1055,56,20,20
650838,649739,1099,0,1099,0,19,19
655281,654263,1018,0,1018,0,19,19
675691,674281,1410,119,1291,0,19,20
671533,670448,1085,0,1085,0,19,19
675654,674539,1115,0,1115,0,19,19
669845,668865,980,63,917,0,19,20
674075,673091,984,0,984,0,19,19
656579,655605,974,0,974,0,19,19
667006,666054,952,0,952,0,19,19
667600,666318,1282,67,1215,0,19,20
666816,665666,1150,0,1150,0,19,19
666737,665661,1076,80,996,0,19,20
664547,663567,980,0,980,0,19,19
668052,667044,1008,0,1008,0,19,19
666892,665932,960,0,960,0,19,19
664502,663373,1129,0,1129,0,19,19
660677,659782,895,31,864,0,19,20
666197,665263,934,0,934,0,19,19
665400,664454,946,0,946,0,19,19
672800,671915,885,0,885,0,19,19
683628,682709,919,0,919,0,19,19
685373,684343,1030,0,1030,0,19,19
695901,694626,1275,0,1230,45,20,20
715951,714769,1182,58,1124,0,19,20
719106,718099,1007,0,1007,0,19,19
717671,716490,1181,39,1142,0,19,20
709792,708534,1258,56,1202,0,19,20
712370,711395,975,0,975,0,19,19
726184,724962,1222,62,1160,0,19,20
743441,742338,1103,0,1103,0,19,19
727053,725701,1352,63,1289,0,19,20
743400,742134,1266,66,1200,0,19,20
755357,754371,986,0,986,0,19,19
770722,769686,1036,0,1036,0,19,19
778234,777165,1069,0,1069,0,19,19
775636,774595,1041,0,1041,0,19,19
780336,778942,1394,0,1394,0,19,19
777410,775860,1550,0,1550,0,19,19
772773,771676,1097,0,1097,0,19,19
778727,777436,1291,0,1207,84,20,20
791400,790147,1253,0,1253,0,19,19
785743,784196,1547,0,1547,0,19,19
805529,804427,1102,75,1027,0,19,20
813831,812317,1514,0,1514,0,19,19
814035,812544,1491,0,1425,66,20,20
818425,816982,1443,76,1367,0,19,20
815509,814243,1266,0,1266,0,19,19
821102,819797,1305,0,1305,0,19,19
823412,822322,1090,0,1090,0,19,19
854752,853158,1594,0,1594,0,19,19
868501,866800,1701,0,1701,0,19,19
873589,872178,1411,0,1411,0,19,19
896247,894518,1729,0,1729,0,19,19
908784,907232,1552,0,1552,0,19,19
927342,925964,1378,0,1378,0,19,19
927227,925528,1699,79,1620,0,19,20
932088,930923,1165,0,1165,0,19,19
924880,923218,1662,0,1662,0,19,19
939971,938606,1365,0,1365,0,19,19
949015,947770,1245,0,1245,0,19,19
968771,967436,1335,0,1335,0,19,19
952217,950931,1286,0,1286,0,19,19
931411,929987,1424,0,1332,92,20,20
923908,922639,1269,0,1269,0,19,19
935786,934229,1557,0,1557,0,19,19
928582,927206,1376,0,1376,0,19,19
919892,918608,1284,0,1284,0,19,19
920963,919721,1242,0,1242,0,19,19
924245,923037,1208,0,1208,0,19,19
932984,931395,1589,0,1499,90,20,20
934108,932631,1477,0,1477,0,19,19
908886,907607,1279,0,1279,0,19,19
911848,910449,1399,0,1399,0,19,19
909519,908181,1338,0,1338,0,19,19
905123,903652,1471,88,1383,0,19,20
918183,916794,1389,0,1312,77,20,20
944030,942888,1142,0,1142,0,19,19
938942,937266,1676,0,1676,0,19,19
916687,915225,1462,0,1462,0,19,19
912671,911433,1238,0,1238,0,19,19
914390,912928,1462,0,1462,0,19,19
933184,931858,1326,0,1256,70,20,20
942410,941322,1088,0,1088,0,19,19
946144,944592,1552,0,1552,0,19,19
964929,963281,1648,0,1648,0,19,19
968842,967245,1597,107,1490,0,19,20
966415,964556,1859,114,1745,0,19,20
976500,975087,1413,0,1413,0,19,19
993517,992182,1335,0,1335,0,19,19
1013152,1011742,1410,0,1410,0,19,19
1021705,1019943,1762,77,1685,0,19,20
1012445,1010660,1785,0,1680,105,20,20
1013380,1011872,1508,74,1434,0,19,20
1032497,1030508,1989,95,1894,0,19,20
1043107,1041260,1847,0,1847,0,19,19
1041957,1040231,1726,0,1726,0,19,19
1069339,1067710,1629,45,1584,0,19,20
1066882,1065205,1677,0,1677,0,19,19
1051524,1049869,1655,0,1655,0,19,19
1045727,1044124,1603,0,1538,65,20,20
1047866,1045906,1960,0,1960,0,19,19
1046099,1044636,1463,0,1463,0,19,19
1068053,1065748,2305,194,2111,0,19,20
1061751,1060025,1726,0,1660,66,20,20
1065731,1063790,1941,0,1860,81,20,20
1081283,1078956,2327,0,2327,0,19,19
1678225,1676457,1768,0,1768,0,13,13
1691939,1689233,2706,173,2533,0,19,20
1702957,1700441,2516,0,2516,0,19,19
1791427,1788131,3296,137,3159,0,19,20
1773306,1770526,2780,0,2570,210,20,20
1822055,1819245,2810,0,2810,0,19,19
1815220,1812203,3017,0,3017,0,19,19
1812954,1808848,4106,0,4106,0,19,19
1811539,1808722,2817,86,2731,0,19,20
1835451,1832243,3208,0,3023,185,20,20
1800364,1796706,3658,0,3658,0,19,19
1809527,1806517,3010,230,2780,0,19,20
1814301,1811287,3014,0,3014,0,19,19
1816161,1812930,3231,0,3231,0,19,19
1816830,1813787,3043,0,3043,0,19,19
1829025,1826293,2732,0,2732,0,19,19
1806042,1802601,3441,0,3441,0,19,19
1809635,1805904,3731,0,3731,0,19,19
1839860,1836655,3205,0,3003,202,20,20
