coverage,wt.counts,mut.count,s.count,ns.count,stp.count,aa.sampled,codons.sampled
801489,801489,0,0,0,0,0,0
800503,800452,51,0,51,0,1,1
796373,796373,0,0,0,0,0,0
802056,802052,4,0,4,0,3,3
795804,795498,306,0,306,0,1,1
791421,791420,1,0,1,0,1,1
798600,798600,0,0,0,0,0,0
782049,782048,1,0,1,0,1,1
804069,804068,1,0,1,0,1,1
792012,791993,19,0,19,0,3,3
784287,784268,19,0,19,0,3,3
796249,796248,1,1,0,0,0,1
796513,796476,37,0,37,0,2,2
785308,785308,0,0,0,0,0,0
772520,772459,61,0,61,0,2,2
776473,776472,1,0,1,0,1,1
786092,786036,56,0,56,0,1,1
781251,781215,36,0,36,0,1,1
725110,725106,4,0,4,0,1,1
743613,743613,0,0,0,0,0,0
733343,733194,149,0,149,0,3,3
736449,736391,58,0,58,0,1,1
717074,717074,0,0,0,0,0,0
719936,719928,8,0,8,0,1,1
692720,692720,0,0,0,0,0,0
542223,542220,3,0,3,0,1,1
544209,544209,0,0,0,0,0,0
548223,548223,0,0,0,0,0,0
543962,543960,2,0,2,0,2,2
542340,542340,0,0,0,0,0,0
527920,527920,0,0,0,0,0,0
529113,529109,4,0,4,0,1,1
529623,529594,29,0,29,0,1,1
523198,523190,8,0,8,0,2,2
508301,508300,1,0,1,0,1,1
498068,498066,2,0,2,0,1,1
494949,494911,38,0,38,0,1,1
492467,492432,35,0,35,0,1,1
482311,482308,3,0,3,0,1,1
481579,481579,0,0,0,0,0,0
478184,478183,1,0,1,0,1,1
469965,469964,1,0,1,0,1,1
457767,457767,0,0,0,0,0,0
435626,435625,1,0,1,0,1,1
433885,433885,0,0,0,0,0,0
430074,430053,21,0,21,0,1,1
425622,425605,17,0,17,0,1,1
427770,427770,0,0,0,0,0,0
423642,423537,105,0,105,0,1,1
425536,425535,1,0,1,0,1,1
424419,424419,0,0,0,0,0,0
418385,418384,1,0,1,0,1,1
410312,410309,3,0,3,0,1,1
402826,402826,0,0,0,0,0,0
391671,391669,2,0,2,0,1,1
383790,383780,10,0,10,0,2,2
378022,378018,4,0,4,0,1,1
371826,371743,83,0,83,0,3,3
362085,362085,0,0,0,0,0,0
351730,351729,1,0,1,0,1,1
348660,348658,2,0,2,0,1,1
339495,339490,5,0,5,0,1,1
344777,344775,2,0,2,0,1,1
342013,342013,0,0,0,0,0,0
332987,332936,51,0,51,0,1,1
326251,326251,0,0,0,0,0,0
321254,321229,25,0,25,0,1,1
315654,315654,0,0,0,0,0,0
312518,312518,0,0,0,0,0,0
309264,309261,3,0,3,0,1,1
304978,304978,0,0,0,0,0,0
304094,304094,0,0,0,0,0,0
303548,303544,4,0,4,0,1,1
302464,302464,0,0,0,0,0,0
300500,300482,18,0,18,0,2,2
305099,305084,15,0,15,0,1,1
308399,308399,0,0,0,0,0,0
310992,310992,0,0,0,0,0,0
305227,305221,6,0,6,0,1,1
308004,308002,2,0,2,0,1,1
306434,306434,0,0,0,0,0,0
301639,301630,9,0,9,0,1,1
300969,300969,0,0,0,0,0,0
293501,293501,0,0,0,0,0,0
298918,298917,1,0,1,0,1,1
297330,297329,1,0,1,0,1,1
300684,300684,0,0,0,0,0,0
296226,296223,3,0,3,0,1,1
298668,298668,0,0,0,0,0,0
299135,299125,10,0,10,0,1,1
299268,299264,4,0,4,0,1,1
296468,296468,0,0,0,0,0,0
305137,305130,7,0,7,0,1,1
308677,308677,0,0,0,0,0,0
309447,309447,0,0,0,0,0,0
312440,312440,0,0,0,0,0,0
311906,311878,28,0,28,0,2,2
317837,317837,0,0,0,0,0,0
321335,321335,0,0,0,0,0,0
325017,325007,10,0,10,0,1,1
327160,327160,0,0,0,0,0,0
328345,328336,9,0,9,0,1,1
328451,328437,14,0,14,0,1,1
330352,330352,0,0,0,0,0,0
333047,333031,16,0,16,0,1,1
330381,330381,0,0,0,0,0,0
326895,326895,0,0,0,0,0,0
328545,328545,0,0,0,0,0,0
334245,334245,0,0,0,0,0,0
335731,335730,1,0,1,0,1,1
335899,335892,7,0,7,0,1,1
331935,331935,0,0,0,0,0,0
328884,328884,0,0,0,0,0,0
333386,333384,2,0,2,0,1,1
337322,337314,8,0,8,0,1,1
336933,336933,0,0,0,0,0,0
330818,330818,0,0,0,0,0,0
329549,329547,2,0,2,0,1,1
325122,325122,0,0,0,0,0,0
324592,324556,36,0,36,0,2,2
329883,329883,0,0,0,0,0,0
332250,332246,4,0,4,0,1,1
329772,329772,0,0,0,0,0,0
326046,326046,0,0,0,0,0,0
326188,326188,0,0,0,0,0,0
325740,325740,0,0,0,0,0,0
322614,322614,0,0,0,0,0,0
322618,322610,8,0,8,0,1,1
324685,324652,33,0,33,0,1,1
323521,323521,0,0,0,0,0,0
320036,320009,27,0,27,0,1,1
318629,318607,22,0,22,0,1,1
317736,317736,0,0,0,0,0,0
315888,315877,11,0,11,0,1,1
309134,309134,0,0,0,0,0,0
307982,307927,55,0,55,0,1,1
306351,306351,0,0,0,0,0,0
303270,303270,0,0,0,0,0,0
306326,306326,0,0,0,0,0,0
305962,305962,0,0,0,0,0,0
305181,305179,2,0,2,0,1,1
303015,303015,0,0,0,0,0,0
304841,304841,0,0,0,0,0,0
301111,301108,3,0,3,0,1,1
297862,297861,1,0,1,0,1,1
296625,296593,32,0,32,0,1,1
298612,298583,29,0,29,0,1,1
298519,298492,27,0,27,0,1,1
291624,291617,7,0,7,0,1,1
289931,289928,3,0,3,0,1,1
292983,292980,3,0,3,0,1,1
296723,296723,0,0,0,0,0,0
295139,295125,14,0,14,0,1,1
288193,288193,0,0,0,0,0,0
289024,289020,4,0,4,0,1,1
287185,287185,0,0,0,0,0,0
290313,290303,10,0,10,0,1,1
293962,293955,7,0,7,0,1,1
291568,291566,2,0,2,0,2,2
292596,292596,0,0,0,0,0,0
297012,296997,15,0,15,0,1,1
291605,291605,0,0,0,0,0,0
294182,294180,2,0,2,0,1,1
295629,295629,0,0,0,0,0,0
297889,297889,0,0,0,0,0,0
294926,294924,2,0,2,0,1,1
295995,295995,0,0,0,0,0,0
291884,291884,0,0,0,0,0,0
291730,291730,0,0,0,0,0,0
287109,287109,0,0,0,0,0,0
284738,284738,0,0,0,0,0,0
287916,287916,0,0,0,0,0,0
290100,290100,0,0,0,0,0,0
292835,292835,0,0,0,0,0,0
292797,292791,6,0,6,0,1,1
290655,290591,64,0,64,0,2,2
294672,294672,0,0,0,0,0,0
296096,296093,3,0,3,0,1,1
296855,296850,5,0,5,0,1,1
295467,295466,1,0,1,0,1,1
291571,291563,8,0,8,0,1,1
298863,298863,0,0,0,0,0,0
302221,302200,21,0,21,0,1,1
307174,307167,7,0,7,0,1,1
306754,306745,9,0,9,0,1,1
309126,309126,0,0,0,0,0,0
310489,310489,0,0,0,0,0,0
312816,312806,10,0,10,0,1,1
314990,314990,0,0,0,0,0,0
315264,315260,4,0,4,0,1,1
313140,313139,1,0,1,0,1,1
303032,303032,0,0,0,0,0,0
311186,311183,3,0,3,0,1,1
315883,315877,6,0,6,0,1,1
317732,317731,1,0,1,0,1,1
314015,314013,2,0,2,0,1,1
320823,320823,0,0,0,0,0,0
319982,319982,0,0,0,0,0,0
321240,321238,2,0,2,0,1,1
315865,315865,0,0,0,0,0,0
320988,320979,9,0,9,0,1,1
327381,327381,0,0,0,0,0,0
328454,328449,5,0,5,0,2,2
328519,328497,22,0,22,0,1,1
329586,329524,62,0,62,0,1,1
328070,328070,0,0,0,0,0,0
328012,328012,0,0,0,0,0,0
330364,330353,11,0,11,0,1,1
335287,335287,0,0,0,0,0,0
336362,336360,2,0,2,0,1,1
336452,336428,24,0,24,0,1,1
338535,338511,24,0,24,0,1,1
337333,337313,20,0,20,0,2,2
331084,331083,1,0,1,0,1,1
337163,337150,13,0,13,0,1,1
336539,336538,1,0,1,0,1,1
339821,339819,2,0,2,0,1,1
341274,341252,22,0,22,0,1,1
343062,343059,3,0,3,0,1,1
340178,340178,0,0,0,0,0,0
343986,343950,36,0,36,0,1,1
345345,345345,0,0,0,0,0,0
344248,344248,0,0,0,0,0,0
347080,347080,0,0,0,0,0,0
341402,341402,0,0,0,0,0,0
339193,339193,0,0,0,0,0,0
340216,340216,0,0,0,0,0,0
342339,342338,1,0,1,0,1,1
343255,343255,0,0,0,0,0,0
339627,339627,0,0,0,0,0,0
339640,339640,0,0,0,0,0,0
332586,332583,3,0,3,0,2,2
334131,334131,0,0,0,0,0,0
337125,337125,0,0,0,0,0,0
333898,333874,24,0,24,0,1,1
332484,332342,142,0,142,0,1,1
330996,330976,20,0,20,0,2,2
328804,328803,1,0,1,0,1,1
327964,327963,1,0,1,0,1,1
325551,325550,1,0,1,0,1,1
323845,323834,11,0,11,0,1,1
331385,331356,29,0,29,0,1,1
335552,335552,0,0,0,0,0,0
337977,337971,6,0,6,0,1,1
337369,337368,1,0,1,0,1,1
337344,337344,0,0,0,0,0,0
337119,337119,0,0,0,0,0,0
328401,328400,1,0,1,0,1,1
328314,328313,1,0,1,0,1,1
331134,331120,14,0,14,0,1,1
335309,335309,0,0,0,0,0,0
338240,338239,1,0,1,0,1,1
341000,340999,1,0,1,0,1,1
342173,342172,1,0,1,0,1,1
338985,338985,0,0,0,0,0,0
327973,327973,0,0,0,0,0,0
326188,326186,2,0,2,0,1,1
326379,326353,26,0,26,0,1,1
330319,330319,0,0,0,0,0,0
325504,325500,4,0,4,0,2,2
324845,324836,9,0,9,0,3,3
326243,326243,0,0,0,0,0,0
324866,324866,0,0,0,0,0,0
324768,324766,2,0,2,0,1,1
323242,323209,33,0,33,0,1,1
317576,317576,0,0,0,0,0,0
310647,310644,3,0,3,0,1,1
315288,315288,0,0,0,0,0,0
316760,316759,1,0,1,0,1,1
311037,311024,13,0,13,0,2,2
308845,308845,0,0,0,0,0,0
305220,305212,8,0,8,0,1,1
300418,300371,47,0,47,0,1,1
298539,298511,28,0,28,0,1,1
295733,295690,43,0,43,0,1,1
294228,294228,0,0,0,0,0,0
293619,293619,0,0,0,0,0,0
299534,299533,1,0,1,0,1,1
301290,301290,0,0,0,0,0,0
295069,295069,0,0,0,0,0,0
296789,296787,2,0,2,0,1,1
289197,289197,0,0,0,0,0,0
285988,285985,3,0,3,0,1,1
284011,284002,9,0,9,0,1,1
285604,285570,34,0,34,0,1,1
282905,282903,2,0,2,0,1,1
289298,289294,4,0,4,0,1,1
283670,283670,0,0,0,0,0,0
292221,292213,8,0,8,0,1,1
296877,296877,0,0,0,0,0,0
294688,294587,101,0,101,0,3,3
288014,288014,0,0,0,0,0,0
284887,284884,3,0,3,0,1,1
282268,282268,0,0,0,0,0,0
292620,292619,1,0,1,0,1,1
291073,291072,1,0,1,0,1,1
296962,296957,5,0,5,0,1,1
298761,298742,19,0,19,0,1,1
292352,292349,3,0,3,0,2,2
298324,298324,0,0,0,0,0,0
293856,293836,20,0,20,0,3,3
293872,293870,2,0,2,0,1,1
293852,293852,0,0,0,0,0,0
292782,292781,1,0,1,0,1,1
302946,302941,5,0,5,0,1,1
306280,306275,5,0,5,0,1,1
301913,301913,0,0,0,0,0,0
303079,303079,0,0,0,0,0,0
308705,308695,10,0,10,0,1,1
313660,313654,6,0,6,0,1,1
314186,314180,6,0,6,0,1,1
313824,313824,0,0,0,0,0,0
319041,319036,5,0,5,0,1,1
323516,323516,0,0,0,0,0,0
325122,325121,1,0,1,0,1,1
331316,331316,0,0,0,0,0,0
331714,331713,1,0,1,0,1,1
335724,335721,3,0,3,0,1,1
342319,342318,1,0,1,0,1,1
342319,342319,0,0,0,0,0,0
346226,346226,0,0,0,0,0,0
348389,348389,0,0,0,0,0,0
346573,346573,0,0,0,0,0,0
343909,343901,8,0,8,0,1,1
344376,344376,0,0,0,0,0,0
342580,342576,4,0,4,0,1,1
345597,345593,4,0,4,0,1,1
339007,339007,0,0,0,0,0,0
341860,341851,9,0,9,0,1,1
348730,348728,2,0,2,0,1,1
349342,349342,0,0,0,0,0,0
355113,355112,1,0,1,0,1,1
353200,353199,1,0,1,0,1,1
348953,348953,0,0,0,0,0,0
346500,346498,2,0,2,0,2,2
350061,350061,0,0,0,0,0,0
350196,350196,0,0,0,0,0,0
353839,353839,0,0,0,0,0,0
352949,352931,18,0,18,0,1,1
348583,348583,0,0,0,0,0,0
356017,356016,1,0,1,0,1,1
355853,355853,0,0,0,0,0,0
352910,352902,8,0,8,0,2,2
353984,353983,1,0,1,0,1,1
354992,354992,0,0,0,0,0,0
351953,351953,0,0,0,0,0,0
353053,353053,0,0,0,0,0,0
354828,354828,0,0,0,0,0,0
357167,357167,0,0,0,0,0,0
357653,357653,0,0,0,0,0,0
358618,358609,9,0,9,0,1,1
359712,359712,0,0,0,0,0,0
352282,352276,6,0,6,0,2,2
353507,353472,35,0,35,0,2,2
356421,356399,22,0,22,0,1,1
352714,352714,0,0,0,0,0,0
346859,346859,0,0,0,0,0,0
344435,344435,0,0,0,0,0,0
345273,345271,2,0,2,0,1,1
335596,335589,7,0,7,0,2,2
330975,330969,6,0,6,0,1,1
340396,340369,27,0,27,0,1,1
342260,342260,0,0,0,0,0,0
346102,346100,2,0,2,0,1,1
346302,346302,0,0,0,0,0,0
345373,345342,31,0,31,0,1,1
345891,345889,2,0,2,0,1,1
348017,348017,0,0,0,0,0,0
348406,348393,13,0,13,0,2,2
347574,347574,0,0,0,0,0,0
344774,344770,4,0,4,0,1,1
344427,344427,0,0,0,0,0,0
345561,345561,0,0,0,0,0,0
349116,349116,0,0,0,0,0,0
343937,343936,1,0,1,0,1,1
342648,342648,0,0,0,0,0,0
335759,335759,0,0,0,0,0,0
338036,338030,6,0,6,0,1,1
330597,330563,34,0,34,0,3,3
331688,331688,0,0,0,0,0,0
329900,329881,19,0,19,0,2,2
328110,328095,15,0,15,0,1,1
325149,325131,18,0,18,0,1,1
320580,320580,0,0,0,0,0,0
321475,321475,0,0,0,0,0,0
326009,326009,0,0,0,0,0,0
325926,325926,0,0,0,0,0,0
321738,321738,0,0,0,0,0,0
313178,313170,8,0,8,0,2,2
312190,312190,0,0,0,0,0,0
314989,314956,33,0,33,0,1,1
321883,321883,0,0,0,0,0,0
318482,318482,0,0,0,0,0,0
318972,318971,1,0,1,0,1,1
319907,319903,4,0,4,0,1,1
320562,320559,3,0,3,0,1,1
315564,315564,0,0,0,0,0,0
308888,308860,28,0,28,0,2,2
306187,306187,0,0,0,0,0,0
306391,306391,0,0,0,0,0,0
308942,308942,0,0,0,0,0,0
309334,309334,0,0,0,0,0,0
309571,309571,0,0,0,0,0,0
310364,310364,0,0,0,0,0,0
310121,310115,6,0,6,0,1,1
312541,312541,0,0,0,0,0,0
315332,315332,0,0,0,0,0,0
318205,318171,34,0,34,0,1,1
317135,317135,0,0,0,0,0,0
320282,320282,0,0,0,0,0,0
318097,318097,0,0,0,0,0,0
322646,322646,0,0,0,0,0,0
322280,322280,0,0,0,0,0,0
327680,327678,2,0,2,0,1,1
324728,324728,0,0,0,0,0,0
326816,326812,4,0,4,0,2,2
329228,329220,8,0,8,0,1,1
332426,332426,0,0,0,0,0,0
332364,332359,5,0,5,0,1,1
335049,335049,0,0,0,0,0,0
334380,334380,0,0,0,0,0,0
335984,335983,1,0,1,0,1,1
335155,335153,2,0,2,0,1,1
334789,334789,0,0,0,0,0,0
337351,337351,0,0,0,0,0,0
336195,336133,62,0,62,0,1,1
337872,337854,18,0,18,0,1,1
334884,334883,1,0,1,0,1,1
335297,335283,14,0,14,0,1,1
329491,329488,3,0,3,0,1,1
327607,327606,1,0,1,0,1,1
327896,327896,0,0,0,0,0,0
329116,329115,1,0,1,0,1,1
328547,328547,0,0,0,0,0,0
326436,326436,0,0,0,0,0,0
320473,320473,0,0,0,0,0,0
324608,324606,2,0,2,0,1,1
323872,323845,27,0,27,0,1,1
323597,323591,6,0,6,0,1,1
322402,322402,0,0,0,0,0,0
312226,312226,0,0,0,0,0,0
315598,315598,0,0,0,0,0,0
313091,313079,12,0,12,0,2,2
316058,316058,0,0,0,0,0,0
318258,318256,2,0,2,0,1,1
315238,315237,1,0,1,0,1,1
310638,310617,21,0,21,0,1,1
308126,308126,0,0,0,0,0,0
311709,311709,0,0,0,0,0,0
310093,310093,0,0,0,0,0,0
304517,304517,0,0,0,0,0,0
304840,304838,2,0,2,0,1,1
305879,305879,0,0,0,0,0,0
309417,309417,0,0,0,0,0,0
304795,304795,0,0,0,0,0,0
299883,299883,0,0,0,0,0,0
302456,302442,14,0,14,0,1,1
298579,298579,0,0,0,0,0,0
302904,302904,0,0,0,0,0,0
301531,301531,0,0,0,0,0,0
300491,300487,4,0,4,0,1,1
298959,298958,1,0,1,0,1,1
301411,301401,10,0,10,0,1,1
300836,300836,0,0,0,0,0,0
302266,302265,1,0,1,0,1,1
309457,309434,23,1,22,0,1,2
306136,306136,0,0,0,0,0,0
307281,307281,0,0,0,0,0,0
305574,305574,0,0,0,0,0,0
307731,307731,0,0,0,0,0,0
301601,301601,0,0,0,0,0,0
305293,305293,0,0,0,0,0,0
304336,304305,31,0,31,0,3,3
303568,303568,0,0,0,0,0,0
302775,302775,0,0,0,0,0,0
301522,301522,0,0,0,0,0,0
302509,302506,3,0,3,0,1,1
302811,302811,0,0,0,0,0,0
302130,302130,0,0,0,0,0,0
301098,301098,0,0,0,0,0,0
302978,302978,0,0,0,0,0,0
301233,301231,2,0,2,0,1,1
302958,302958,0,0,0,0,0,0
305146,305146,0,0,0,0,0,0
303714,303714,0,0,0,0,0,0
307098,306975,123,0,123,0,1,1
311654,311654,0,0,0,0,0,0
311696,311696,0,0,0,0,0,0
310452,310452,0,0,0,0,0,0
305585,305585,0,0,0,0,0,0
304221,304221,0,0,0,0,0,0
307117,307085,32,0,32,0,3,3
309129,309129,0,0,0,0,0,0
303165,303150,15,0,15,0,2,2
305963,305963,0,0,0,0,0,0
306846,306846,0,0,0,0,0,0
308964,308947,17,0,17,0,2,2
308656,308656,0,0,0,0,0,0
305919,305918,1,0,1,0,1,1
304685,304664,21,0,21,0,1,1
301689,301687,2,0,2,0,1,1
298697,298696,1,0,1,0,1,1
298631,298629,2,0,2,0,1,1
301478,301477,1,0,1,0,1,1
299982,299981,1,0,1,0,1,1
304656,304655,1,0,1,0,1,1
305004,304991,13,0,13,0,1,1
303012,303012,0,0,0,0,0,0
304243,304243,0,0,0,0,0,0
302585,302579,6,0,6,0,1,1
304336,304333,3,0,3,0,1,1
304553,304553,0,0,0,0,0,0
314168,314161,7,0,7,0,2,2
315354,315291,63,0,63,0,2,2
318641,318639,2,0,2,0,1,1
323652,323630,22,0,22,0,1,1
327167,327167,0,0,0,0,0,0
332507,332489,18,0,18,0,1,1
332848,332848,0,0,0,0,0,0
337609,337609,0,0,0,0,0,0
335860,335847,13,0,13,0,2,2
341850,341849,1,0,1,0,1,1
346318,346318,0,0,0,0,0,0
352351,352351,0,0,0,0,0,0
347467,347463,4,0,4,0,1,1
342036,342035,1,0,1,0,1,1
338925,338921,4,0,4,0,1,1
345157,345154,3,0,3,0,1,1
344557,344557,0,0,0,0,0,0
342201,342200,1,0,1,0,1,1
350099,350098,1,0,1,0,1,1
360729,360729,0,0,0,0,0,0
368285,368283,2,0,2,0,1,1
373614,373609,5,0,5,0,2,2
370396,370394,2,0,2,0,1,1
375889,375887,2,0,2,0,1,1
379356,379356,0,0,0,0,0,0
380070,380070,0,0,0,0,0,0
394782,394758,24,0,24,0,2,2
412353,412350,3,0,3,0,1,1
417588,417556,32,0,32,0,1,1
412930,412919,11,0,11,0,2,2
417078,417078,0,0,0,0,0,0
422606,422514,92,0,92,0,3,3
438116,438114,2,0,2,0,1,1
448474,448474,0,0,0,0,0,0
453786,453784,2,0,2,0,1,1
465018,465016,2,0,2,0,1,1
471038,471038,0,0,0,0,0,0
475009,475009,0,0,0,0,0,0
485144,485144,0,0,0,0,0,0
501839,501838,1,0,1,0,1,1
518568,518568,0,0,0,0,0,0
529253,529253,0,0,0,0,0,0
535827,535827,0,0,0,0,0,0
543099,543099,0,0,0,0,0,0
560444,560444,0,0,0,0,0,0
573656,573655,1,0,1,0,1,1
579792,579751,41,0,41,0,1,1
596423,596423,0,0,0,0,0,0
602912,602912,0,0,0,0,0,0
601241,601241,0,0,0,0,0,0
611827,611823,4,0,4,0,1,1
619527,619506,21,0,21,0,1,1
624858,624857,1,0,1,0,1,1
642034,641949,85,0,85,0,2,2
642118,642114,4,0,4,0,2,2
646766,646766,0,0,0,0,0,0
658450,658447,3,0,3,0,1,1
800736,800729,7,0,7,0,2,2
807923,807922,1,0,1,0,1,1
825714,825703,11,0,11,0,1,1
851648,851647,1,0,1,0,1,1
841496,841400,96,0,96,0,1,1
873403,873352,51,0,51,0,3,3
877617,877617,0,0,0,0,0,0
878177,878024,153,0,153,0,1,1
882130,882130,0,0,0,0,0,0
894952,894947,5,0,5,0,1,1
876626,876625,1,0,1,0,1,1
882818,882786,32,0,32,0,1,1
887436,887436,0,0,0,0,0,0
885270,885267,3,0,3,0,1,1
887725,887725,0,0,0,0,0,0
893205,893203,2,0,2,0,2,2
874793,874791,2,0,2,0,2,2
879662,879661,1,0,1,0,1,1
902453,902453,0,0,0,0,0,0
