coverage,wt.counts,mut.count,s.count,ns.count,stp.count,aa.sampled,codons.sampled
504971,504970,1,0,1,0,1,1
509324,509324,0,0,0,0,0,0
509764,509609,155,0,155,0,2,3
501827,501826,1,0,1,0,1,1
496398,496303,95,0,95,0,2,3
507217,507183,34,0,34,0,4,6
506187,506014,173,0,173,0,5,5
507749,507749,0,0,0,0,0,0
503069,503039,30,0,30,0,2,2
509450,509450,0,0,0,0,0,0
510152,510152,0,0,0,0,0,0
509920,509868,52,0,52,0,1,1
501518,501518,0,0,0,0,0,0
502572,502572,0,0,0,0,0,0
499473,499329,144,0,144,0,3,4
485818,484267,1551,0,1551,0,9,11
491361,491358,3,0,3,0,3,3
392652,392521,131,0,131,0,5,5
399011,398741,270,0,270,0,4,6
401499,401281,218,0,218,0,4,5
396081,396009,72,0,72,0,3,3
392347,392157,190,0,190,0,5,7
394253,394253,0,0,0,0,0,0
395277,395169,108,0,108,0,4,5
395783,395734,49,0,49,0,1,1
403124,402802,322,0,322,0,5,9
399650,399639,11,0,11,0,1,1
395011,394989,22,0,22,0,3,3
388037,387999,38,0,38,0,2,5
380445,380444,1,0,1,0,1,1
372946,372946,0,0,0,0,0,0
359375,359375,0,0,0,0,0,0
351162,351162,0,0,0,0,0,0
349179,349179,0,0,0,0,0,0
343066,343066,0,0,0,0,0,0
340697,340689,8,0,8,0,1,1
336105,336105,0,0,0,0,0,0
336741,336741,0,0,0,0,0,0
331575,331575,0,0,0,0,0,0
326157,326156,1,0,1,0,1,1
320048,320047,1,0,1,0,1,1
316926,316926,0,0,0,0,0,0
310914,310914,0,0,0,0,0,0
310634,310623,11,0,11,0,3,3
305671,305654,17,0,17,0,1,1
301801,301788,13,0,13,0,2,3
291204,291124,80,0,80,0,7,7
285101,285045,56,0,56,0,6,9
280194,280193,1,0,1,0,1,1
271607,271607,0,0,0,0,0,0
263736,263723,13,0,13,0,2,2
265679,265679,0,0,0,0,0,0
256168,256168,0,0,0,0,0,0
246202,246197,5,0,5,0,1,1
242132,242132,0,0,0,0,0,0
239786,239786,0,0,0,0,0,0
235370,235359,11,0,11,0,3,3
231711,231711,0,0,0,0,0,0
228894,228894,0,0,0,0,0,0
228400,228400,0,0,0,0,0,0
224339,224337,2,0,2,0,1,1
222973,222942,31,0,31,0,3,4
217531,217531,0,0,0,0,0,0
215299,215299,0,0,0,0,0,0
208212,208189,23,0,23,0,6,6
206542,206541,1,0,1,0,1,1
209433,209433,0,0,0,0,0,0
207442,207442,0,0,0,0,0,0
210559,210554,5,0,5,0,2,3
212672,212672,0,0,0,0,0,0
212526,212526,0,0,0,0,0,0
209655,209655,0,0,0,0,0,0
210529,210529,0,0,0,0,0,0
215571,215571,0,0,0,0,0,0
216257,216257,0,0,0,0,0,0
215824,215820,4,0,4,0,2,2
215064,215064,0,0,0,0,0,0
215344,215344,0,0,0,0,0,0
209194,209194,0,0,0,0,0,0
209104,209104,0,0,0,0,0,0
206358,206356,2,2,0,0,0,1
209905,209904,1,0,1,0,1,1
210983,210983,0,0,0,0,0,0
210267,210253,14,0,14,0,2,2
214310,214310,0,0,0,0,0,0
213270,213270,0,0,0,0,0,0
216421,216412,9,0,9,0,1,1
220172,220172,0,0,0,0,0,0
222670,222670,0,0,0,0,0,0
224862,224811,51,41,10,0,1,3
225707,225707,0,0,0,0,0,0
223707,223707,0,0,0,0,0,0
227935,227935,0,0,0,0,0,0
231181,231179,2,0,2,0,1,1
232917,232917,0,0,0,0,0,0
236252,236238,14,0,14,0,1,1
239882,239882,0,0,0,0,0,0
241210,241209,1,0,1,0,1,1
243689,243689,0,0,0,0,0,0
242397,242397,0,0,0,0,0,0
240788,240788,0,0,0,0,0,0
241920,241919,1,0,1,0,1,1
243344,243344,0,0,0,0,0,0
243115,243115,0,0,0,0,0,0
242832,242832,0,0,0,0,0,0
242676,242659,17,0,17,0,5,6
242399,242399,0,0,0,0,0,0
243527,243527,0,0,0,0,0,0
244991,244970,21,0,21,0,3,3
244292,244291,1,0,1,0,1,1
244162,244162,0,0,0,0,0,0
243644,243617,27,0,27,0,6,6
244627,244582,45,0,45,0,2,2
246055,245946,109,58,51,0,4,7
248301,248301,0,0,0,0,0,0
252050,252050,0,0,0,0,0,0
250377,250362,15,0,15,0,1,1
251692,251685,7,0,7,0,1,1
255915,255915,0,0,0,0,0,0
258121,258121,0,0,0,0,0,0
262615,262615,0,0,0,0,0,0
263990,263990,0,0,0,0,0,0
268119,268117,2,0,2,0,1,1
263990,263967,23,0,23,0,2,2
268919,268919,0,0,0,0,0,0
271503,271502,1,0,1,0,1,1
273009,273009,0,0,0,0,0,0
277148,277148,0,0,0,0,0,0
278375,278375,0,0,0,0,0,0
277954,277949,5,0,4,1,3,3
280534,280534,0,0,0,0,0,0
277046,277046,0,0,0,0,0,0
278195,278194,1,0,1,0,1,1
276284,276284,0,0,0,0,0,0
276827,276764,63,63,0,0,0,1
276369,276369,0,0,0,0,0,0
277224,277224,0,0,0,0,0,0
280454,280453,1,0,1,0,1,1
283224,283045,179,0,179,0,2,2
286969,286969,0,0,0,0,0,0
287666,287643,23,0,23,0,1,1
288029,288029,0,0,0,0,0,0
290545,290545,0,0,0,0,0,0
290670,290670,0,0,0,0,0,0
291422,291307,115,0,115,0,5,5
291586,291586,0,0,0,0,0,0
290538,290538,0,0,0,0,0,0
289320,289320,0,0,0,0,0,0
286958,286958,0,0,0,0,0,0
285869,285869,0,0,0,0,0,0
283858,283855,3,0,3,0,1,1
277181,277181,0,0,0,0,0,0
275246,275246,0,0,0,0,0,0
276132,276131,1,0,1,0,1,1
273755,273745,10,10,0,0,0,1
273345,273316,29,0,28,1,3,3
271700,271687,13,0,13,0,2,2
267935,267916,19,0,19,0,1,2
265394,265394,0,0,0,0,0,0
263788,263788,0,0,0,0,0,0
263446,263446,0,0,0,0,0,0
263377,263376,1,0,1,0,1,1
262448,262436,12,0,12,0,1,1
263484,263484,0,0,0,0,0,0
260238,260236,2,0,2,0,1,1
259972,259882,90,0,90,0,4,6
257069,257069,0,0,0,0,0,0
255044,255044,0,0,0,0,0,0
252941,252941,0,0,0,0,0,0
250413,250413,0,0,0,0,0,0
247003,247003,0,0,0,0,0,0
244714,244714,0,0,0,0,0,0
246832,246826,6,0,6,0,3,3
249578,249565,13,0,13,0,1,2
250135,250135,0,0,0,0,0,0
253623,253623,0,0,0,0,0,0
252289,252229,60,0,60,0,1,1
251119,251119,0,0,0,0,0,0
251274,251274,0,0,0,0,0,0
252149,252149,0,0,0,0,0,0
250813,250786,27,0,27,0,1,1
250582,250581,1,0,1,0,1,1
249451,249451,0,0,0,0,0,0
248374,248374,0,0,0,0,0,0
245658,245622,36,0,36,0,1,1
243374,243374,0,0,0,0,0,0
244818,244818,0,0,0,0,0,0
240474,240474,0,0,0,0,0,0
242792,242792,0,0,0,0,0,0
242509,242491,18,0,18,0,2,3
244486,244483,3,0,3,0,1,1
246795,246795,0,0,0,0,0,0
246135,246134,1,0,1,0,1,1
246390,246384,6,0,6,0,2,2
246168,246159,9,0,9,0,4,4
244025,244024,1,0,1,0,1,1
242058,242052,6,0,5,1,3,3
239924,239924,0,0,0,0,0,0
235464,235464,0,0,0,0,0,0
234092,234092,0,0,0,0,0,0
237327,237327,0,0,0,0,0,0
239872,239872,0,0,0,0,0,0
236359,236359,0,0,0,0,0,0
240159,240159,0,0,0,0,0,0
240951,240948,3,0,3,0,1,1
240242,240162,80,0,80,0,4,4
238990,238984,6,0,6,0,3,3
238642,238641,1,0,1,0,1,1
241443,241392,51,0,51,0,3,4
243469,243469,0,0,0,0,0,0
244486,244267,219,2,217,0,8,10
244156,243972,184,3,181,0,7,12
243918,243653,265,0,265,0,7,12
240737,240732,5,0,5,0,1,1
235798,235798,0,0,0,0,0,0
234151,234149,2,0,2,0,1,1
233699,233698,1,0,1,0,1,1
235916,235885,31,0,31,0,1,1
234648,234648,0,0,0,0,0,0
235177,235011,166,73,93,0,6,10
231564,231532,32,0,32,0,3,3
229206,229144,62,0,62,0,3,4
230085,230085,0,0,0,0,0,0
232081,232081,0,0,0,0,0,0
232522,232512,10,0,10,0,1,1
233879,233879,0,0,0,0,0,0
233544,233399,145,0,145,0,2,2
228297,228297,0,0,0,0,0,0
228360,228351,9,0,9,0,1,1
225721,225712,9,0,9,0,2,2
230605,230490,115,8,107,0,5,7
232394,232373,21,0,21,0,2,3
229848,229782,66,0,66,0,6,7
230191,230191,0,0,0,0,0,0
228983,228926,57,0,57,0,4,4
231262,231135,127,85,42,0,5,7
229289,229234,55,0,55,0,1,1
229715,229715,0,0,0,0,0,0
229942,229935,7,0,7,0,2,2
229012,229012,0,0,0,0,0,0
227126,227092,34,0,34,0,3,3
227959,227916,43,0,43,0,3,4
226297,226297,0,0,0,0,0,0
222080,222079,1,0,1,0,1,1
218278,218278,0,0,0,0,0,0
215056,215056,0,0,0,0,0,0
214032,214032,0,0,0,0,0,0
213211,213211,0,0,0,0,0,0
213391,213378,13,0,13,0,2,2
214002,213967,35,0,35,0,3,3
213909,213909,0,0,0,0,0,0
212871,212871,0,0,0,0,0,0
210579,210579,0,0,0,0,0,0
209423,209423,0,0,0,0,0,0
211345,211344,1,0,1,0,1,1
212354,212354,0,0,0,0,0,0
212889,212889,0,0,0,0,0,0
211823,211823,0,0,0,0,0,0
212808,212808,0,0,0,0,0,0
211977,211977,0,0,0,0,0,0
214988,214988,0,0,0,0,0,0
216019,216019,0,0,0,0,0,0
218109,218109,0,0,0,0,0,0
217255,217255,0,0,0,0,0,0
215264,215263,1,0,1,0,1,1
216587,216587,0,0,0,0,0,0
219188,219188,0,0,0,0,0,0
218278,218259,19,4,15,0,1,3
219017,219017,0,0,0,0,0,0
218360,218360,0,0,0,0,0,0
217639,217639,0,0,0,0,0,0
217811,217811,0,0,0,0,0,0
218037,218036,1,0,1,0,1,1
218898,218898,0,0,0,0,0,0
217778,217777,1,0,1,0,1,1
216968,216965,3,0,3,0,2,2
214159,214159,0,0,0,0,0,0
213593,213580,13,4,9,0,1,2
213006,212993,13,0,13,0,2,2
214369,214369,0,0,0,0,0,0
215293,215293,0,0,0,0,0,0
211752,211752,0,0,0,0,0,0
210557,210529,28,0,28,0,1,1
209843,209838,5,0,5,0,1,1
210264,210260,4,0,4,0,2,2
209932,209932,0,0,0,0,0,0
210681,210681,0,0,0,0,0,0
214457,214455,2,0,2,0,1,1
209183,209179,4,0,4,0,2,2
209330,209330,0,0,0,0,0,0
208655,208646,9,0,9,0,1,1
212828,212820,8,8,0,0,0,1
214965,214965,0,0,0,0,0,0
214202,214196,6,0,6,0,1,1
217122,217096,26,0,26,0,1,1
219447,219447,0,0,0,0,0,0
218601,218601,0,0,0,0,0,0
218729,218603,126,0,126,0,2,2
220381,220369,12,0,12,0,3,3
222897,222897,0,0,0,0,0,0
219514,219514,0,0,0,0,0,0
220193,220192,1,0,1,0,1,1
220095,220095,0,0,0,0,0,0
223623,223608,15,0,15,0,3,3
224677,224677,0,0,0,0,0,0
225624,225621,3,3,0,0,0,1
228557,228557,0,0,0,0,0,0
228946,228938,8,0,8,0,1,1
229739,229739,0,0,0,0,0,0
230658,230658,0,0,0,0,0,0
230758,230758,0,0,0,0,0,0
230035,230035,0,0,0,0,0,0
228683,228682,1,0,1,0,1,1
233019,233004,15,0,15,0,2,2
232891,232891,0,0,0,0,0,0
233070,233067,3,0,3,0,1,1
231405,231405,0,0,0,0,0,0
230979,230979,0,0,0,0,0,0
230733,230733,0,0,0,0,0,0
230545,230530,15,0,15,0,3,3
232180,232140,40,0,40,0,2,3
234413,234413,0,0,0,0,0,0
232088,232088,0,0,0,0,0,0
229630,229630,0,0,0,0,0,0
226901,226901,0,0,0,0,0,0
226856,226856,0,0,0,0,0,0
225773,225769,4,4,0,0,0,1
228349,228329,20,14,6,0,1,3
225463,225463,0,0,0,0,0,0
225037,224945,92,0,92,0,6,6
221242,221126,116,0,116,0,5,8
221778,221778,0,0,0,0,0,0
223881,223881,0,0,0,0,0,0
225255,225255,0,0,0,0,0,0
225789,225789,0,0,0,0,0,0
230350,230329,21,0,21,0,4,4
227074,227074,0,0,0,0,0,0
226647,226589,58,0,58,0,2,2
228530,228529,1,0,1,0,1,1
229417,229417,0,0,0,0,0,0
230001,230001,0,0,0,0,0,0
229713,229713,0,0,0,0,0,0
229326,229326,0,0,0,0,0,0
232718,232718,0,0,0,0,0,0
231661,231661,0,0,0,0,0,0
230658,230656,2,0,2,0,1,1
232954,232953,1,0,1,0,1,1
233029,233028,1,0,1,0,1,1
230919,230919,0,0,0,0,0,0
232308,232308,0,0,0,0,0,0
232846,232846,0,0,0,0,0,0
232902,232902,0,0,0,0,0,0
235017,234991,26,26,0,0,0,2
236811,236811,0,0,0,0,0,0
239344,239338,6,6,0,0,0,1
242852,242852,0,0,0,0,0,0
242722,242722,0,0,0,0,0,0
243321,243319,2,0,2,0,2,2
243188,243188,0,0,0,0,0,0
245220,245220,0,0,0,0,0,0
246097,246096,1,0,1,0,1,1
245863,245857,6,0,6,0,1,1
243427,243427,0,0,0,0,0,0
241780,241780,0,0,0,0,0,0
242219,242219,0,0,0,0,0,0
240100,240100,0,0,0,0,0,0
240557,240552,5,0,5,0,1,1
238927,238927,0,0,0,0,0,0
239026,239023,3,0,3,0,1,1
240489,240489,0,0,0,0,0,0
243205,243205,0,0,0,0,0,0
243515,243473,42,0,42,0,3,3
241870,241814,56,0,56,0,4,4
240884,240884,0,0,0,0,0,0
240726,240726,0,0,0,0,0,0
239369,239369,0,0,0,0,0,0
239919,239919,0,0,0,0,0,0
239348,239348,0,0,0,0,0,0
240454,240448,6,0,6,0,1,1
240423,240423,0,0,0,0,0,0
238672,238672,0,0,0,0,0,0
241534,241533,1,0,1,0,1,1
240440,240440,0,0,0,0,0,0
245196,245196,0,0,0,0,0,0
244655,244655,0,0,0,0,0,0
246817,246817,0,0,0,0,0,0
248313,248313,0,0,0,0,0,0
246149,246137,12,0,12,0,2,2
246613,246613,0,0,0,0,0,0
247880,247861,19,0,19,0,2,3
246148,245647,501,0,501,0,9,15
250196,250173,23,0,23,0,2,2
247548,247508,40,0,40,0,3,3
246769,246767,2,0,2,0,2,2
247472,246852,620,0,620,0,6,9
249730,249697,33,0,33,0,2,3
252180,252179,1,0,1,0,1,1
251822,251822,0,0,0,0,0,0
255208,255190,18,0,18,0,3,4
255031,255031,0,0,0,0,0,0
256899,256848,51,0,51,0,6,9
258305,258301,4,0,4,0,2,2
256400,256399,1,0,1,0,1,1
258315,258315,0,0,0,0,0,0
260994,260994,0,0,0,0,0,0
259395,259393,2,0,2,0,1,1
256455,256455,0,0,0,0,0,0
256299,256233,66,0,66,0,3,4
257604,257597,7,0,7,0,1,1
258766,258751,15,0,15,0,3,3
261170,261144,26,0,26,0,3,4
261669,261645,24,0,24,0,2,4
263170,263148,22,0,22,0,3,3
259914,259914,0,0,0,0,0,0
261221,261221,0,0,0,0,0,0
260719,260719,0,0,0,0,0,0
263029,263029,0,0,0,0,0,0
261704,261704,0,0,0,0,0,0
259019,259019,0,0,0,0,0,0
258741,258741,0,0,0,0,0,0
260057,260056,1,0,1,0,1,1
262225,262225,0,0,0,0,0,0
260412,260311,101,0,101,0,6,9
259340,259301,39,0,39,0,2,2
259130,259102,28,0,28,0,3,3
256354,256350,4,0,4,0,2,2
256584,256584,0,0,0,0,0,0
257056,257053,3,0,3,0,1,1
251639,251639,0,0,0,0,0,0
247626,247625,1,0,1,0,1,1
242179,242179,0,0,0,0,0,0
241686,241686,0,0,0,0,0,0
241301,241300,1,0,1,0,1,1
240643,240643,0,0,0,0,0,0
241723,241720,3,0,3,0,1,1
242555,242555,0,0,0,0,0,0
244667,244667,0,0,0,0,0,0
245692,245692,0,0,0,0,0,0
243584,243584,0,0,0,0,0,0
241960,241960,0,0,0,0,0,0
239797,239797,0,0,0,0,0,0
240473,240473,0,0,0,0,0,0
239577,239572,5,5,0,0,0,1
241104,241104,0,0,0,0,0,0
238186,238179,7,7,0,0,0,1
240124,240124,0,0,0,0,0,0
237487,237487,0,0,0,0,0,0
237839,237839,0,0,0,0,0,0
237061,237061,0,0,0,0,0,0
236440,236440,0,0,0,0,0,0
238423,238423,0,0,0,0,0,0
234851,234851,0,0,0,0,0,0
235492,235492,0,0,0,0,0,0
232345,232345,0,0,0,0,0,0
230884,230883,1,1,0,0,0,1
228229,228221,8,0,8,0,1,1
228926,228926,0,0,0,0,0,0
229636,229600,36,0,36,0,1,1
231331,231323,8,0,8,0,1,1
229420,229418,2,0,2,0,1,1
227840,227840,0,0,0,0,0,0
226954,226953,1,0,1,0,1,1
227097,227097,0,0,0,0,0,0
227955,227954,1,0,1,0,1,1
228603,228602,1,0,1,0,1,1
229564,229564,0,0,0,0,0,0
227805,227805,0,0,0,0,0,0
225330,225330,0,0,0,0,0,0
222822,222822,0,0,0,0,0,0
224313,224313,0,0,0,0,0,0
224432,224432,0,0,0,0,0,0
227129,227129,0,0,0,0,0,0
231766,231678,88,0,88,0,2,4
227921,227921,0,0,0,0,0,0
225319,225241,78,0,78,0,8,9
224133,224101,32,0,32,0,7,7
225422,225422,0,0,0,0,0,0
228100,228061,39,0,39,0,3,3
226752,226751,1,0,1,0,1,1
228568,228568,0,0,0,0,0,0
231071,231071,0,0,0,0,0,0
228821,228821,0,0,0,0,0,0
228868,228867,1,0,1,0,1,1
228330,228330,0,0,0,0,0,0
228342,228342,0,0,0,0,0,0
225754,225742,12,0,12,0,2,2
224622,224622,0,0,0,0,0,0
224043,224042,1,0,1,0,1,1
222725,222724,1,0,1,0,1,1
222864,222863,1,0,1,0,1,1
222890,222889,1,0,1,0,1,1
221887,221887,0,0,0,0,0,0
219962,219962,0,0,0,0,0,0
220630,220630,0,0,0,0,0,0
220016,220014,2,2,0,0,0,1
220427,220338,89,0,89,0,1,2
223118,223118,0,0,0,0,0,0
223024,223024,0,0,0,0,0,0
222125,222067,58,0,58,0,3,3
218562,218547,15,0,15,0,2,2
219019,219019,0,0,0,0,0,0
218839,218839,0,0,0,0,0,0
218580,218580,0,0,0,0,0,0
218898,218897,1,0,1,0,1,1
221962,221961,1,0,1,0,1,1
222907,222907,0,0,0,0,0,0
219993,219993,0,0,0,0,0,0
218514,218514,0,0,0,0,0,0
220870,220870,0,0,0,0,0,0
217485,217462,23,0,23,0,1,1
218326,218322,4,0,4,0,1,1
217214,217205,9,0,9,0,3,3
216010,215761,249,2,247,0,9,12
214875,214875,0,0,0,0,0,0
216149,216147,2,0,2,0,1,1
214200,214200,0,0,0,0,0,0
210821,210820,1,0,1,0,1,1
206321,206315,6,0,6,0,1,1
204826,204826,0,0,0,0,0,0
205392,205392,0,0,0,0,0,0
206023,206019,4,0,4,0,1,2
206088,206088,0,0,0,0,0,0
206785,206785,0,0,0,0,0,0
206329,206329,0,0,0,0,0,0
205634,205634,0,0,0,0,0,0
207102,207102,0,0,0,0,0,0
207059,207059,0,0,0,0,0,0
205232,205232,0,0,0,0,0,0
205728,205728,0,0,0,0,0,0
202962,202962,0,0,0,0,0,0
207378,207378,0,0,0,0,0,0
207822,207822,0,0,0,0,0,0
209856,209856,0,0,0,0,0,0
209313,209284,29,0,29,0,2,2
209920,209888,32,0,32,0,2,3
208369,208356,13,0,13,0,1,2
209527,209411,116,0,116,0,3,3
211525,211473,52,12,40,0,3,5
212382,212342,40,7,33,0,2,5
213600,213569,31,0,31,0,3,4
215850,215796,54,0,54,0,4,5
215691,215683,8,0,8,0,1,1
216889,216889,0,0,0,0,0,0
216449,216365,84,0,84,0,3,4
217730,217729,1,0,1,0,1,1
217404,217404,0,0,0,0,0,0
217837,217817,20,20,0,0,0,1
216673,216668,5,0,5,0,2,2
214149,214149,0,0,0,0,0,0
212320,212320,0,0,0,0,0,0
212165,212165,0,0,0,0,0,0
212174,212174,0,0,0,0,0,0
210174,210174,0,0,0,0,0,0
209254,209254,0,0,0,0,0,0
209253,209253,0,0,0,0,0,0
207933,207932,1,0,1,0,1,1
209675,209674,1,0,0,1,1,1
207348,207348,0,0,0,0,0,0
206983,206983,0,0,0,0,0,0
207171,207170,1,0,1,0,1,1
206174,206162,12,0,12,0,3,4
208886,208884,2,0,2,0,1,1
210131,210131,0,0,0,0,0,0
213303,213169,134,0,134,0,9,9
213977,213977,0,0,0,0,0,0
211757,211592,165,0,165,0,4,8
211184,211131,53,0,53,0,4,4
210315,210315,0,0,0,0,0,0
210410,210410,0,0,0,0,0,0
207751,207751,0,0,0,0,0,0
211422,211422,0,0,0,0,0,0
209387,209370,17,0,17,0,5,5
208914,208751,163,0,163,0,13,17
215964,215936,28,0,28,0,3,3
216160,216016,144,0,144,0,9,13
217643,217534,109,0,109,0,5,7
218402,218402,0,0,0,0,0,0
219558,219547,11,0,11,0,1,2
217997,217826,171,0,171,0,4,4
215927,215805,122,0,122,0,7,11
213874,213805,69,0,69,0,6,6
217804,217802,2,0,2,0,1,1
217621,217507,114,0,114,0,5,6
217865,217862,3,0,3,0,1,1
220092,220061,31,0,31,0,3,4
220169,220168,1,0,1,0,1,1
220067,220067,0,0,0,0,0,0
219122,219095,27,0,27,0,4,4
218402,218350,52,0,52,0,3,3
218242,218201,41,0,41,0,3,4
220204,220204,0,0,0,0,0,0
221237,221237,0,0,0,0,0,0
220027,219996,31,0,31,0,4,5
220267,220267,0,0,0,0,0,0
222568,222478,90,2,88,0,4,6
224464,224418,46,0,46,0,2,3
228174,228073,101,0,101,0,4,6
229747,229747,0,0,0,0,0,0
231473,231473,0,0,0,0,0,0
232034,232034,0,0,0,0,0,0
230723,230723,0,0,0,0,0,0
231646,231646,0,0,0,0,0,0
233083,233083,0,0,0,0,0,0
231534,231534,0,0,0,0,0,0
233557,233557,0,0,0,0,0,0
235487,235487,0,0,0,0,0,0
236252,236252,0,0,0,0,0,0
236494,236494,0,0,0,0,0,0
238701,238701,0,0,0,0,0,0
238969,238969,0,0,0,0,0,0
237981,237981,0,0,0,0,0,0
237376,237376,0,0,0,0,0,0
236532,236532,0,0,0,0,0,0
236145,236144,1,0,1,0,1,1
237208,237208,0,0,0,0,0,0
235885,235885,0,0,0,0,0,0
235149,235131,18,0,18,0,1,1
235758,235752,6,0,6,0,1,2
232107,232106,1,0,1,0,1,1
229443,229443,0,0,0,0,0,0
228520,228520,0,0,0,0,0,0
228973,228957,16,0,16,0,2,3
231142,231141,1,0,1,0,1,1
229718,229481,237,0,237,0,7,9
229113,229113,0,0,0,0,0,0
227942,227923,19,0,19,0,4,4
224281,224281,0,0,0,0,0,0
226715,226702,13,8,5,0,2,4
225003,224963,40,40,0,0,0,1
225855,225853,2,0,2,0,1,1
225515,225515,0,0,0,0,0,0
226259,226258,1,0,1,0,1,1
228889,228888,1,0,1,0,1,1
227396,227347,49,0,49,0,1,1
226958,226957,1,0,1,0,1,1
225324,225324,0,0,0,0,0,0
225956,225956,0,0,0,0,0,0
223438,223438,0,0,0,0,0,0
225554,225551,3,0,3,0,1,1
225835,225832,3,3,0,0,0,1
224481,224481,0,0,0,0,0,0
224493,224493,0,0,0,0,0,0
219559,219559,0,0,0,0,0,0
221412,221412,0,0,0,0,0,0
220678,220676,2,0,2,0,1,1
219832,219832,0,0,0,0,0,0
219840,219838,2,0,2,0,2,2
220786,220683,103,0,103,0,2,5
220121,220121,0,0,0,0,0,0
216756,216650,106,0,106,0,8,13
216922,216922,0,0,0,0,0,0
215863,215708,155,5,150,0,6,7
214102,214089,13,0,13,0,1,1
213680,213490,190,0,190,0,3,6
214143,214028,115,0,115,0,4,4
216522,216483,39,37,2,0,1,2
215074,215074,0,0,0,0,0,0
214459,214378,81,0,81,0,1,1
218694,218692,2,0,2,0,1,2
219605,219605,0,0,0,0,0,0
218927,218906,21,0,21,0,3,3
219230,219189,41,0,41,0,1,1
220369,220363,6,0,6,0,1,1
219355,219353,2,0,2,0,1,1
218945,218945,0,0,0,0,0,0
219500,219495,5,0,5,0,2,2
217487,217487,0,0,0,0,0,0
215728,215724,4,0,4,0,1,1
214722,214722,0,0,0,0,0,0
216392,216392,0,0,0,0,0,0
214899,214898,1,0,1,0,1,1
215630,215615,15,15,0,0,0,1
215440,215440,0,0,0,0,0,0
210903,210899,4,0,4,0,1,1
213924,213924,0,0,0,0,0,0
211807,211777,30,0,30,0,2,2
212437,212437,0,0,0,0,0,0
215157,215157,0,0,0,0,0,0
210728,210728,0,0,0,0,0,0
210885,210884,1,0,1,0,1,1
207849,207849,0,0,0,0,0,0
208941,208916,25,0,25,0,2,2
207135,207135,0,0,0,0,0,0
209011,209011,0,0,0,0,0,0
208193,208193,0,0,0,0,0,0
207653,207652,1,0,1,0,1,1
211156,211156,0,0,0,0,0,0
214866,214866,0,0,0,0,0,0
215242,215242,0,0,0,0,0,0
218042,218042,0,0,0,0,0,0
218833,218833,0,0,0,0,0,0
215704,215701,3,3,0,0,0,2
215522,215513,9,0,9,0,2,2
214297,214282,15,0,15,0,3,5
215030,214973,57,0,57,0,2,3
216568,216480,88,0,88,0,4,4
217128,217124,4,2,2,0,2,3
220190,220109,81,0,81,0,6,6
221373,221320,53,0,53,0,6,8
221920,221758,162,0,162,0,7,11
224740,224730,10,0,10,0,2,2
225818,225795,23,0,23,0,7,7
226885,226842,43,0,43,0,3,5
225560,225514,46,0,46,0,2,3
226209,226201,8,0,8,0,1,2
229890,229843,47,0,47,0,5,5
229733,229733,0,0,0,0,0,0
229501,229501,0,0,0,0,0,0
231082,231082,0,0,0,0,0,0
229782,229782,0,0,0,0,0,0
230618,230614,4,0,4,0,1,1
232039,232039,0,0,0,0,0,0
234418,234418,0,0,0,0,0,0
233001,233001,0,0,0,0,0,0
231267,231267,0,0,0,0,0,0
226598,226598,0,0,0,0,0,0
225211,225211,0,0,0,0,0,0
225249,225249,0,0,0,0,0,0
227092,227092,0,0,0,0,0,0
229612,229612,0,0,0,0,0,0
227595,227595,0,0,0,0,0,0
228514,228514,0,0,0,0,0,0
226782,226724,58,0,58,0,6,6
226831,226815,16,0,16,0,3,3
228576,228567,9,0,9,0,3,3
226827,226827,0,0,0,0,0,0
228029,228029,0,0,0,0,0,0
228262,228262,0,0,0,0,0,0
225540,225540,0,0,0,0,0,0
225839,225839,0,0,0,0,0,0
226562,226561,1,0,1,0,1,1
225166,225166,0,0,0,0,0,0
224617,224617,0,0,0,0,0,0
223921,223921,0,0,0,0,0,0
222078,222077,1,0,1,0,1,1
218695,218660,35,35,0,0,0,2
216722,216716,6,0,6,0,1,1
214870,214870,0,0,0,0,0,0
211603,211603,0,0,0,0,0,0
208542,208456,86,0,86,0,2,3
208242,208240,2,0,2,0,2,2
203603,203598,5,0,5,0,2,2
200605,200602,3,0,3,0,1,2
200842,200842,0,0,0,0,0,0
204001,204000,1,0,1,0,1,1
201900,201885,15,0,15,0,1,1
201817,201778,39,39,0,0,0,2
204247,204243,4,0,4,0,1,1
201734,201734,0,0,0,0,0,0
198276,198276,0,0,0,0,0,0
197446,197446,0,0,0,0,0,0
196519,196519,0,0,0,0,0,0
195679,195679,0,0,0,0,0,0
194784,194781,3,0,3,0,1,1
193964,193964,0,0,0,0,0,0
190207,190206,1,0,1,0,1,1
188965,188965,0,0,0,0,0,0
187912,187912,0,0,0,0,0,0
186990,186990,0,0,0,0,0,0
184110,184100,10,2,8,0,1,2
184400,184400,0,0,0,0,0,0
183520,183520,0,0,0,0,0,0
182597,182597,0,0,0,0,0,0
177700,177700,0,0,0,0,0,0
177616,177616,0,0,0,0,0,0
173686,173686,0,0,0,0,0,0
173293,173272,21,0,21,0,2,3
172553,172523,30,0,30,0,2,3
171452,171452,0,0,0,0,0,0
169741,169709,32,4,28,0,4,6
166254,166247,7,0,7,0,2,2
164132,164072,60,0,60,0,5,5
163942,163942,0,0,0,0,0,0
164440,164435,5,0,5,0,2,2
168838,168838,0,0,0,0,0,0
170716,170716,0,0,0,0,0,0
173109,173013,96,0,96,0,5,6
174173,174169,4,0,4,0,1,1
177244,177244,0,0,0,0,0,0
178716,178715,1,0,1,0,1,1
182065,182064,1,0,1,0,1,1
187196,187138,58,0,58,0,4,9
188725,188725,0,0,0,0,0,0
193164,193164,0,0,0,0,0,0
199200,199192,8,0,8,0,2,3
204456,204455,1,0,1,0,1,1
208413,208413,0,0,0,0,0,0
206707,206685,22,0,22,0,1,1
207938,207935,3,3,0,0,0,1
214332,214332,0,0,0,0,0,0
216751,216750,1,0,1,0,1,1
220314,220302,12,0,12,0,2,2
226228,226194,34,0,34,0,3,4
227847,227787,60,0,60,0,3,4
230120,230120,0,0,0,0,0,0
244155,244143,12,0,12,0,2,3
250506,250392,114,0,114,0,1,1
263262,263244,18,0,18,0,2,3
270996,270993,3,0,3,0,1,1
280514,280275,239,0,239,0,10,12
285917,285911,6,3,3,0,1,2
294840,294840,0,0,0,0,0,0
301928,301928,0,0,0,0,0,0
317185,317185,0,0,0,0,0,0
326775,326762,13,0,13,0,1,1
334003,334003,0,0,0,0,0,0
336713,336712,1,0,0,1,1,1
349221,349221,0,0,0,0,0,0
353070,353070,0,0,0,0,0,0
363130,363130,0,0,0,0,0,0
369982,369982,0,0,0,0,0,0
384075,384070,5,0,5,0,2,2
390024,389911,113,0,113,0,3,4
394927,394927,0,0,0,0,0,0
397444,397444,0,0,0,0,0,0
399726,399709,17,0,17,0,2,2
408858,408858,0,0,0,0,0,0
408894,408894,0,0,0,0,0,0
412512,412512,0,0,0,0,0,0
411581,411581,0,0,0,0,0,0
409927,409927,0,0,0,0,0,0
415276,415276,0,0,0,0,0,0
412471,412457,14,0,14,0,2,2
411290,411174,116,0,116,0,5,5
495857,495856,1,0,1,0,1,1
502038,502012,26,0,26,0,2,3
501067,500955,112,0,112,0,3,4
500960,500950,10,0,10,0,1,1
508252,507939,313,0,313,0,4,6
514609,514549,60,0,60,0,3,3
510800,510561,239,0,239,0,5,6
511098,511098,0,0,0,0,0,0
505724,505723,1,0,1,0,1,1
512676,512435,241,0,241,0,7,9
518739,518737,2,0,2,0,2,2
513304,513014,290,0,290,0,4,5
515419,515052,367,0,367,0,6,8
511248,511189,59,0,59,0,1,1
519791,519784,7,0,7,0,3,3
508821,508448,373,0,373,0,5,6
516006,516006,0,0,0,0,0,0
514755,514743,12,12,0,0,0,1
516909,516565,344,0,344,0,7,10
514766,514750,16,0,16,0,2,2
521843,521843,0,0,0,0,0,0
522574,522238,336,0,336,0,4,9
518929,518801,128,0,128,0,8,12
516652,516613,39,0,39,0,5,5
524192,523871,321,0,321,0,9,12
520421,520412,9,0,9,0,1,1
523083,523000,83,0,83,0,4,5
