coverage,wt.counts,mut.count,s.count,ns.count,stp.count,aa.sampled,codons.sampled
1131263,1131262,1,0,1,0,1,1
1152343,1152330,13,0,13,0,4,4
1182387,1182220,167,0,167,0,8,15
1190457,1190149,308,0,308,0,10,22
1212299,1211948,351,0,351,0,14,27
1231153,1230965,188,35,153,0,6,13
1230087,1229694,393,0,393,0,12,25
1257001,1256935,66,0,66,0,7,10
1264938,1264630,308,0,308,0,9,16
1297134,1296712,422,0,422,0,7,13
1298844,1298810,34,0,34,0,5,6
1319828,1319700,128,0,128,0,8,11
1336151,1336147,4,0,4,0,1,1
1265485,1265448,37,0,37,0,3,5
1365515,1365047,468,0,468,0,12,21
535258,534673,585,11,574,0,13,31
549513,549472,41,4,37,0,8,12
561282,561035,247,0,247,0,11,24
575037,574899,138,0,138,0,5,13
583769,583570,199,3,196,0,16,28
590941,590686,255,0,255,0,8,21
588604,588507,97,0,97,0,10,18
599301,599259,42,0,42,0,3,5
612777,612047,730,0,730,0,13,23
616128,616009,119,0,119,0,7,14
635090,634910,180,0,180,0,11,23
634423,634399,24,0,24,0,6,7
636879,636724,155,0,155,0,13,22
622095,622028,67,0,67,0,9,16
617417,617388,29,0,29,0,4,7
613231,613202,29,0,29,0,6,7
601547,601529,18,0,18,0,3,3
587437,587437,0,0,0,0,0,0
579033,579026,7,0,7,0,2,2
588606,588606,0,0,0,0,0,0
591279,591277,2,0,2,0,2,2
588601,588595,6,0,6,0,2,2
598231,598225,6,3,3,0,1,3
595123,595049,74,0,74,0,9,18
581308,581280,28,12,16,0,1,5
582443,582423,20,0,20,0,3,4
585603,585602,1,0,1,0,1,1
580987,580981,6,3,3,0,2,3
584201,584100,101,0,101,0,5,6
581321,581218,103,0,103,0,13,21
576627,576394,233,0,233,0,14,25
565595,565334,261,0,261,0,15,30
564188,563778,410,0,410,0,12,30
559631,559593,38,0,38,0,7,9
553091,553082,9,0,9,0,3,3
541081,540933,148,0,148,0,11,18
546905,546750,155,0,155,0,7,15
536443,536442,1,0,1,0,1,1
525780,525709,71,0,71,0,4,10
518640,518562,78,0,78,0,9,16
510840,510829,11,0,11,0,3,3
509619,509536,83,0,83,0,6,9
500527,500466,61,0,61,0,7,11
494087,494078,9,0,9,0,3,3
492529,492467,62,0,62,0,5,8
482813,482683,130,0,130,0,5,7
480869,480723,146,0,146,0,13,21
474058,474051,7,0,7,0,3,3
474989,474967,22,0,22,0,6,8
467024,466914,110,1,109,0,13,22
464946,464936,10,0,10,0,3,4
466526,466503,23,0,23,0,5,6
463366,463344,22,15,7,0,5,7
462176,462129,47,0,47,0,6,10
466946,466937,9,4,5,0,3,4
468121,468113,8,0,8,0,5,5
460368,460346,22,0,22,0,6,6
454249,454248,1,0,1,0,1,1
460237,460230,7,0,7,0,3,3
456599,456591,8,0,8,0,2,2
456797,456771,26,0,26,0,3,5
456302,456285,17,0,17,0,4,5
446125,446055,70,0,70,0,5,7
436812,436753,59,38,21,0,5,10
446990,446989,1,0,1,0,1,1
437412,437376,36,27,9,0,4,8
439763,439760,3,0,3,0,3,3
440263,440245,18,12,6,0,2,4
435708,435637,71,4,67,0,5,10
435786,435778,8,0,8,0,4,6
436625,436616,9,0,9,0,4,5
439684,439660,24,15,9,0,4,8
445592,445587,5,0,5,0,3,3
445769,445769,0,0,0,0,0,0
445815,445797,18,6,12,0,3,5
447781,447770,11,0,11,0,3,5
447548,447536,12,0,12,0,2,2
451310,451305,5,0,5,0,2,2
454244,454241,3,0,3,0,2,2
457073,457071,2,0,2,0,1,1
457399,457395,4,0,4,0,3,3
462410,462401,9,0,9,0,2,2
465895,465895,0,0,0,0,0,0
465015,465006,9,0,9,0,4,5
466654,466648,6,0,6,0,3,5
466114,466065,49,0,49,0,9,14
465311,465302,9,0,9,0,3,4
461873,461846,27,0,27,0,1,2
457217,457205,12,0,12,0,4,4
457288,457281,7,0,7,0,4,4
451621,451534,87,0,87,0,10,18
446243,446242,1,0,1,0,1,1
447718,447707,11,0,11,0,5,6
451992,451912,80,0,80,0,10,18
447133,447131,2,0,2,0,1,1
442821,442811,10,0,10,0,2,2
442545,442363,182,0,182,0,15,29
436207,436155,52,0,52,0,6,10
441236,441098,138,7,131,0,13,21
449571,449570,1,0,1,0,1,1
439307,439304,3,0,3,0,2,2
437826,437787,39,0,39,0,4,8
445159,445150,9,0,9,0,2,4
450656,450622,34,0,34,0,4,9
458720,458716,4,0,4,0,1,1
465500,465478,22,0,22,0,5,8
468941,468940,1,0,1,0,1,1
469037,469035,2,0,2,0,2,2
462180,461990,190,0,190,0,8,20
466180,466180,0,0,0,0,0,0
467531,467529,2,0,2,0,1,1
464163,464159,4,0,4,0,2,2
463986,463967,19,0,19,0,3,4
467992,467985,7,0,7,0,1,2
465802,465741,61,0,61,0,6,10
464476,464450,26,23,3,0,2,5
463144,463144,0,0,0,0,0,0
457967,457964,3,0,3,0,2,2
460448,460445,3,0,3,0,1,1
459367,459365,2,1,1,0,1,2
458204,458202,2,0,2,0,1,1
455909,455901,8,7,1,0,1,2
458701,458692,9,0,9,0,5,6
458685,458283,402,0,402,0,8,20
461723,461721,2,0,2,0,1,1
464727,464703,24,0,24,0,6,7
464248,464227,21,0,21,0,4,5
468686,468495,191,0,191,0,10,16
470419,470394,25,17,8,0,3,5
469834,469717,117,0,117,0,13,22
470596,470595,1,0,1,0,1,1
468285,468283,2,0,2,0,1,1
467408,467398,10,0,10,0,2,2
465801,465798,3,0,3,0,2,2
464798,464729,69,0,69,0,2,6
468689,468674,15,6,9,0,2,3
458863,458860,3,0,3,0,1,1
456450,456447,3,0,3,0,2,2
457416,457358,58,0,58,0,7,10
454604,454502,102,73,29,0,6,11
452500,452436,64,0,64,0,10,16
448067,448018,49,0,49,0,8,13
437453,437440,13,0,13,0,2,4
429314,429313,1,0,1,0,1,1
432605,432603,2,0,2,0,1,1
433665,433664,1,0,1,0,1,1
430980,430883,97,0,97,0,6,8
430846,430837,9,0,9,0,3,5
427274,427266,8,0,8,0,5,5
423801,423730,71,0,71,0,7,7
420529,420435,94,0,94,0,7,18
418817,418808,9,0,9,0,3,3
418950,418950,0,0,0,0,0,0
409965,409963,2,0,2,0,2,2
409630,409579,51,48,3,0,2,5
405902,405895,7,0,7,0,3,3
405396,405388,8,2,6,0,4,5
406879,406865,14,0,14,0,4,5
405443,405364,79,0,79,0,6,12
405188,405173,15,0,15,0,4,4
408482,408466,16,0,16,0,2,4
408030,407993,37,0,37,0,9,10
408181,408180,1,0,1,0,1,1
413801,413798,3,0,3,0,1,2
412325,412325,0,0,0,0,0,0
412058,412051,7,0,7,0,2,4
405582,405582,0,0,0,0,0,0
401870,401869,1,0,1,0,1,1
404411,404410,1,1,0,0,0,1
405269,405241,28,0,28,0,3,4
399968,399968,0,0,0,0,0,0
403547,403547,0,0,0,0,0,0
402529,402525,4,0,4,0,2,2
404906,404905,1,0,1,0,1,1
406428,406309,119,0,119,0,6,13
408847,408825,22,2,20,0,5,9
409308,409306,2,0,2,0,2,2
407395,407379,16,0,16,0,7,9
405633,405606,27,0,27,0,6,8
405234,405062,172,0,172,0,7,13
408465,408458,7,0,7,0,3,3
406144,406135,9,0,9,0,5,6
400988,400980,8,0,8,0,4,4
400001,399974,27,0,27,0,5,7
400005,399996,9,0,9,0,7,7
403691,403674,17,0,17,0,5,6
406126,406126,0,0,0,0,0,0
408799,408799,0,0,0,0,0,0
407200,407196,4,0,4,0,3,3
405573,405536,37,0,37,0,6,8
403931,397279,6652,0,6652,0,18,40
405686,405072,614,0,610,4,9,20
414871,414860,11,0,11,0,4,6
411908,411762,146,0,146,0,9,20
414249,414244,5,0,5,0,3,3
416171,414794,1377,15,1362,0,14,32
414732,414261,471,38,433,0,17,37
410195,409786,409,0,409,0,17,32
404788,404676,112,0,112,0,6,9
404525,404509,16,10,6,0,2,3
404146,404127,19,3,16,0,3,5
402545,402535,10,0,10,0,3,4
399429,399399,30,0,30,0,8,11
397071,397069,2,0,2,0,1,1
402052,397636,4416,20,4396,0,14,27
398034,397893,141,0,141,0,12,21
392962,392933,29,0,29,0,5,11
398854,398847,7,0,7,0,2,2
396437,396431,6,0,6,0,2,2
394077,393917,160,0,160,0,12,23
394300,394300,0,0,0,0,0,0
390720,390550,170,0,170,0,9,18
386715,386704,11,0,11,0,4,4
383112,383082,30,0,30,0,9,14
383143,383053,90,0,90,0,12,22
388537,388330,207,1,206,0,12,21
395019,394981,38,0,38,0,7,9
390557,389858,699,10,689,0,12,27
393156,393018,138,0,138,0,9,16
389537,388572,965,0,965,0,16,37
392214,392016,198,57,141,0,14,29
389095,389028,67,0,67,0,5,9
390196,390194,2,0,2,0,1,1
391117,391052,65,26,39,0,5,9
390917,390882,35,0,35,0,5,8
391214,391193,21,0,21,0,7,8
393882,393742,140,0,140,0,9,18
391346,391340,6,0,6,0,2,3
387693,387657,36,0,36,0,5,9
383718,383685,33,0,33,0,4,4
390268,390256,12,0,12,0,2,4
387654,387642,12,0,12,0,4,4
388115,388081,34,0,34,0,7,10
384903,384855,48,0,48,0,4,9
382793,382696,97,0,97,0,7,16
379553,379549,4,0,4,0,1,1
380894,380887,7,0,7,0,3,3
382967,382947,20,4,16,0,6,9
381730,381677,53,0,53,0,5,11
385268,385250,18,0,18,0,4,7
389713,389711,2,0,2,0,2,2
391661,391658,3,0,3,0,2,2
393026,393022,4,0,4,0,3,3
391933,391930,3,0,3,0,2,2
389520,389518,2,0,2,0,2,2
394114,394110,4,0,4,0,2,2
393982,393980,2,0,2,0,1,1
396194,396187,7,1,6,0,3,4
397344,397335,9,8,1,0,1,3
400637,400633,4,0,4,0,2,2
403621,403616,5,0,5,0,3,3
400620,400617,3,0,3,0,3,3
399074,399003,71,44,27,0,4,11
398628,398607,21,0,21,0,4,5
397551,397540,11,0,11,0,3,3
393667,393657,10,0,10,0,2,2
394070,394054,16,0,16,0,5,6
397980,397974,6,0,6,0,3,4
399157,399148,9,0,9,0,4,5
400186,400186,0,0,0,0,0,0
396190,396167,23,0,23,0,5,8
395621,395620,1,0,1,0,1,1
396128,396093,35,17,18,0,6,10
395927,395919,8,0,8,0,3,4
400572,400572,0,0,0,0,0,0
403012,402991,21,0,21,0,3,5
401313,401313,0,0,0,0,0,0
395762,395719,43,0,43,0,5,7
397325,397294,31,0,31,0,6,8
398881,398863,18,0,18,0,4,6
405579,405566,13,11,2,0,1,2
409139,409138,1,0,1,0,1,1
416087,416058,29,0,29,0,5,10
410872,410811,61,0,61,0,8,18
411269,411208,61,0,61,0,9,13
415717,415716,1,0,1,0,1,1
417723,417720,3,1,2,0,1,2
416206,416200,6,0,6,0,5,5
420402,420330,72,0,72,0,4,7
422831,422815,16,0,16,0,3,4
421998,421991,7,0,7,0,3,3
421377,421368,9,0,9,0,3,3
424633,424604,29,0,29,0,7,11
423840,423773,67,0,67,0,12,21
425783,425775,8,0,8,0,3,4
426400,426388,12,0,12,0,2,4
427261,427258,3,0,3,0,2,2
427261,427197,64,0,64,0,9,18
432383,432179,204,0,204,0,10,16
431566,431565,1,0,1,0,1,1
433280,433267,13,5,8,0,4,6
433522,433510,12,0,12,0,2,4
433352,433309,43,0,43,0,4,6
435596,435522,74,0,74,0,7,16
432913,432885,28,0,28,0,7,8
437830,437825,5,0,5,0,3,3
435046,435009,37,0,37,0,2,4
436460,436460,0,0,0,0,0,0
443898,443840,58,0,58,0,3,8
440625,440617,8,0,8,0,4,5
438430,438370,60,0,60,0,3,5
435071,435067,4,0,4,0,4,4
434305,434299,6,0,6,0,1,1
431544,431531,13,0,13,0,7,7
436541,436389,152,0,152,0,13,24
433960,433861,99,0,99,0,7,12
435509,435509,0,0,0,0,0,0
428381,428379,2,0,2,0,2,2
425918,425911,7,0,7,0,4,5
421649,421649,0,0,0,0,0,0
424787,424780,7,7,0,0,0,1
426228,426216,12,11,1,0,1,3
431766,431370,396,365,31,0,3,6
424334,424334,0,0,0,0,0,0
421842,421567,275,0,275,0,18,35
417409,417209,200,0,200,0,11,27
422636,422629,7,0,7,0,2,2
426848,426844,4,0,4,0,3,3
422423,422398,25,16,9,0,2,4
422759,422753,6,0,6,0,3,3
422659,422605,54,0,54,0,5,9
417585,417582,3,0,3,0,1,1
425702,425572,130,0,130,0,7,19
428635,428633,2,0,2,0,1,2
428476,428475,1,0,1,0,1,1
428391,428386,5,0,5,0,1,1
431103,431084,19,15,4,0,2,4
429921,429881,40,0,40,0,6,9
435925,435924,1,0,1,0,1,1
433920,433917,3,0,3,0,2,2
437652,437646,6,0,6,0,3,3
436937,436933,4,0,4,0,2,2
436795,436788,7,7,0,0,0,1
429863,429853,10,0,10,0,2,2
429541,429541,0,0,0,0,0,0
431203,431203,0,0,0,0,0,0
436736,436734,2,0,2,0,1,1
441980,441979,1,1,0,0,0,1
440060,440055,5,0,5,0,4,4
443128,443124,4,2,2,0,2,3
449394,449394,0,0,0,0,0,0
451372,451359,13,0,13,0,4,5
449399,449398,1,0,1,0,1,1
448170,448169,1,0,1,0,1,1
451893,451887,6,0,6,0,4,4
450294,450293,1,0,1,0,1,1
451593,451569,24,0,24,0,7,11
450229,450221,8,0,8,0,6,6
444947,444946,1,0,1,0,1,1
444550,444500,50,0,50,0,6,11
444776,444749,27,0,27,0,2,5
440873,440797,76,6,70,0,11,17
397334,397323,11,0,11,0,5,6
434976,434967,9,0,9,0,4,5
444504,444503,1,0,1,0,1,1
453026,453013,13,0,13,0,6,7
448797,448742,55,0,55,0,8,14
443081,442901,180,0,180,0,14,31
441523,441511,12,0,12,0,3,3
441562,441536,26,20,6,0,3,6
438010,437992,18,0,18,0,6,7
439110,439105,5,0,5,0,2,2
438223,438205,18,0,18,0,5,6
441018,441009,9,0,9,0,4,6
438709,438708,1,0,1,0,1,1
432350,432325,25,0,25,0,5,7
437314,437310,4,0,4,0,2,2
437679,437659,20,14,6,0,3,6
441756,441748,8,0,8,0,2,3
437552,437546,6,0,6,0,2,3
443560,443553,7,0,7,0,2,2
447763,447728,35,0,35,0,6,10
446835,446736,99,0,99,0,13,25
444518,444518,0,0,0,0,0,0
448687,448544,143,0,143,0,10,17
442800,438137,4663,0,4663,0,16,37
453491,453451,40,0,40,0,4,7
447709,447614,95,0,95,0,10,18
446966,446789,177,0,177,0,7,11
444442,443438,1004,0,1004,0,14,29
457414,457350,64,0,64,0,8,15
456120,456114,6,0,6,0,2,2
461163,461161,2,0,2,0,1,1
470660,470596,64,0,64,0,4,10
469898,469896,2,0,2,0,2,2
470611,470336,275,0,275,0,13,30
473510,473497,13,0,13,0,6,7
473346,473319,27,0,27,0,10,13
473938,473922,16,0,16,0,6,9
476462,476450,12,0,12,0,2,5
474138,474111,27,1,26,0,1,4
471430,471374,56,0,56,0,3,8
470072,470009,63,0,63,0,9,15
471184,471149,35,0,35,0,7,8
477781,477503,278,2,276,0,11,24
482290,482221,69,0,69,0,9,15
480363,480322,41,0,41,0,8,12
482966,482887,79,0,79,0,11,17
480603,480593,10,0,10,0,3,3
483499,483493,6,0,6,0,2,2
476920,476873,47,0,47,0,8,10
485375,485355,20,0,20,0,4,4
485175,485144,31,0,31,0,9,12
482891,482883,8,0,8,0,4,4
480994,480976,18,0,18,0,4,5
473799,473794,5,0,5,0,3,3
474945,474941,4,0,4,0,2,2
471886,471648,238,0,238,0,14,29
473739,473670,69,2,67,0,10,18
473984,473761,223,33,190,0,11,27
466518,466487,31,0,31,0,8,11
464961,464959,2,0,2,0,2,2
466656,466594,62,1,61,0,11,15
455083,455070,13,0,13,0,2,2
448651,448648,3,0,3,0,1,1
447361,447359,2,0,2,0,1,1
445785,445772,13,5,8,0,4,5
443989,443988,1,0,1,0,1,1
444836,444833,3,0,3,0,1,2
441708,441668,40,0,40,0,6,11
435640,435633,7,1,6,0,1,2
434502,434494,8,0,8,0,5,6
440077,440075,2,0,2,0,1,1
440139,440132,7,0,7,0,4,6
437552,437551,1,0,1,0,1,1
436944,436942,2,0,2,0,1,1
437086,437085,1,0,1,0,1,1
440875,440868,7,2,5,0,2,3
441417,441417,0,0,0,0,0,0
440144,440112,32,23,9,0,2,4
441643,441612,31,0,31,0,4,5
439985,439958,27,0,27,0,7,12
434148,434142,6,0,6,0,2,2
429066,429059,7,0,7,0,4,4
430382,430378,4,0,4,0,1,1
437122,437107,15,0,15,0,4,5
432808,432803,5,0,5,0,4,4
434906,434863,43,0,43,0,4,8
425276,425275,1,0,1,0,1,1
422284,422278,6,3,3,0,2,3
420336,420314,22,0,22,0,4,8
422408,422404,4,0,4,0,2,2
419976,419937,39,0,39,0,5,10
423850,423837,13,0,13,0,3,4
427067,427066,1,0,1,0,1,1
418633,418633,0,0,0,0,0,0
415162,415147,15,0,15,0,3,5
422193,422179,14,0,14,0,3,4
419814,419776,38,15,23,0,5,8
418045,418031,14,0,14,0,1,2
422815,422811,4,0,4,0,1,1
423271,423265,6,0,6,0,3,4
421252,421251,1,0,1,0,1,1
416799,416794,5,0,5,0,3,4
416790,416789,1,0,1,0,1,1
424935,424930,5,0,5,0,3,5
424860,424855,5,0,5,0,2,2
433393,433243,150,0,150,0,14,26
420915,420907,8,0,8,0,2,3
424727,424562,165,0,165,0,10,23
419632,419549,83,0,83,0,13,21
423532,423515,17,16,1,0,1,3
423883,423867,16,0,16,0,8,10
425915,425905,10,0,10,0,3,5
426645,426634,11,0,11,0,2,4
429122,429122,0,0,0,0,0,0
430523,430523,0,0,0,0,0,0
429096,429093,3,0,3,0,3,3
425017,425012,5,0,5,0,3,4
426217,426217,0,0,0,0,0,0
425948,425820,128,0,128,0,8,11
418545,418522,23,0,23,0,5,6
412750,412740,10,0,10,0,4,4
408180,408174,6,0,6,0,4,4
412824,412823,1,0,1,0,1,1
414558,414558,0,0,0,0,0,0
417312,417310,2,1,1,0,1,2
417498,417494,4,0,4,0,2,2
413774,413755,19,17,2,0,1,3
410135,410099,36,31,5,0,2,5
412366,412145,221,0,221,0,5,14
412582,412533,49,0,49,0,3,7
413650,413643,7,0,7,0,3,3
409426,409357,69,0,69,0,7,12
407336,407296,40,0,40,0,4,9
405733,405724,9,0,9,0,3,3
403503,403503,0,0,0,0,0,0
405450,405441,9,0,9,0,1,2
406609,406588,21,19,2,0,1,3
412250,412244,6,0,6,0,3,3
411932,411931,1,0,1,0,1,1
413891,413889,2,0,2,0,1,1
400909,400908,1,0,1,0,1,1
401879,401876,3,0,3,0,2,2
390935,390926,9,0,9,0,3,3
398157,398150,7,0,7,0,2,4
396489,396183,306,0,306,0,15,30
396700,396230,470,25,445,0,18,38
394390,394383,7,0,7,0,4,4
393761,393701,60,0,60,0,6,15
390978,390977,1,0,1,0,1,1
387845,387812,33,0,33,0,3,7
383052,382886,166,0,166,0,8,12
381974,381938,36,0,36,0,3,5
380383,380383,0,0,0,0,0,0
379962,379849,113,0,113,0,10,18
386080,386070,10,0,10,0,4,7
382594,382584,10,0,10,0,1,4
387430,387391,39,0,39,0,6,9
385074,385042,32,0,32,0,4,7
385449,385432,17,0,17,0,7,7
379344,379342,2,0,2,0,2,2
379448,379448,0,0,0,0,0,0
381014,381003,11,0,11,0,3,4
382159,382143,16,0,16,0,1,3
389120,389115,5,0,5,0,2,3
393772,393758,14,0,14,0,6,6
391089,391088,1,0,1,0,1,1
387705,387639,66,0,66,0,5,14
390380,390260,120,0,120,0,11,27
388233,387990,243,0,243,0,4,7
391367,391288,79,0,79,0,10,15
395946,395783,163,6,157,0,6,11
393719,393498,221,34,187,0,10,19
396865,396811,54,0,54,0,6,11
399960,399608,352,0,352,0,14,26
398094,398059,35,0,35,0,6,11
395947,395925,22,0,22,0,5,6
393763,393747,16,0,16,0,4,5
395163,395120,43,0,43,0,7,8
391294,391274,20,0,20,0,6,8
391175,391167,8,3,5,0,2,4
388160,388105,55,0,55,0,3,6
386491,386491,0,0,0,0,0,0
378671,378657,14,0,14,0,4,4
381617,381613,4,0,4,0,4,4
379783,379778,5,0,5,0,4,4
379486,379483,3,2,1,0,1,2
374745,374741,4,0,4,0,2,3
373966,373961,5,3,2,0,1,2
367815,367808,7,0,7,0,4,5
373243,373242,1,0,1,0,1,1
374688,374685,3,0,3,0,2,2
368061,368061,0,0,0,0,0,0
362274,362262,12,0,12,0,4,5
358399,358353,46,0,46,0,9,14
366842,366837,5,0,5,0,3,3
372567,372472,95,0,95,0,10,18
379851,379583,268,1,267,0,15,26
383002,382998,4,0,4,0,1,1
378168,370726,7442,0,7442,0,18,45
375857,375399,458,0,458,0,13,31
369849,369813,36,0,36,0,6,9
369135,368931,204,0,204,0,6,10
359237,359235,2,0,2,0,2,2
370114,370114,0,0,0,0,0,0
367154,366984,170,0,170,0,17,32
365432,365218,214,0,214,0,15,38
371862,371774,88,0,88,0,8,15
370886,370614,272,0,272,0,13,32
374452,374206,246,0,246,0,15,31
377956,377900,56,0,56,0,9,13
377111,376985,126,0,126,0,12,23
373599,373379,220,0,220,0,13,31
371823,371602,221,0,221,0,15,33
367139,367030,109,0,109,0,17,30
372652,372591,61,0,61,0,7,13
374741,374537,204,30,174,0,12,29
376830,376799,31,0,31,0,3,5
379562,379504,58,0,58,0,10,14
381399,381378,21,0,21,0,5,9
382154,382150,4,0,4,0,1,2
380779,380636,143,0,143,0,11,24
381742,381700,42,0,42,0,10,16
384582,384377,205,0,205,0,11,17
388841,388802,39,0,39,0,6,10
389184,389145,39,0,39,0,6,10
389145,389018,127,0,127,0,12,24
393855,393855,0,0,0,0,0,0
389076,388722,354,4,350,0,11,19
390925,390871,54,0,54,0,11,16
392775,392562,213,0,213,0,12,26
396785,396777,8,0,8,0,4,4
400236,400232,4,0,4,0,1,2
401219,401185,34,0,34,0,3,8
400803,400800,3,3,0,0,0,1
395409,395409,0,0,0,0,0,0
394980,394980,0,0,0,0,0,0
397703,397670,33,0,33,0,7,9
402181,402181,0,0,0,0,0,0
402931,402929,2,0,2,0,1,1
400710,400710,0,0,0,0,0,0
404405,404404,1,0,1,0,1,1
406569,406569,0,0,0,0,0,0
406675,406665,10,3,7,0,3,4
397179,397176,3,0,3,0,1,1
397619,397611,8,0,8,0,1,2
395521,395497,24,0,24,0,7,8
394560,394559,1,0,1,0,1,1
394329,394321,8,0,8,0,4,4
395179,395179,0,0,0,0,0,0
393693,393489,204,0,204,0,4,8
393900,393869,31,0,31,0,5,7
390516,390513,3,0,3,0,2,2
393415,393403,12,0,12,0,2,2
389109,389101,8,7,1,0,1,2
388697,388599,98,0,98,0,11,17
388750,388740,10,0,10,0,1,2
387676,387475,201,0,201,0,11,27
387584,387584,0,0,0,0,0,0
385096,385038,58,0,58,0,9,16
382497,382496,1,0,1,0,1,1
382782,382737,45,5,40,0,9,16
378775,378763,12,10,2,0,1,3
384648,384585,63,6,57,0,6,12
384997,384996,1,0,1,0,1,1
390080,390066,14,9,5,0,4,6
386578,386539,39,0,39,0,6,10
374712,374667,45,0,45,0,4,7
382392,382390,2,0,2,0,2,2
382122,382122,0,0,0,0,0,0
382945,382943,2,0,2,0,1,1
382758,382729,29,2,27,0,9,11
390017,390005,12,0,12,0,4,5
388604,388589,15,15,0,0,0,3
387590,387585,5,0,5,0,2,3
388051,388047,4,0,4,0,2,3
382846,382843,3,0,3,0,3,3
386656,386654,2,0,2,0,1,2
392357,392346,11,0,11,0,4,5
391827,391818,9,0,9,0,5,5
388674,388642,32,0,32,0,8,10
395717,395672,45,0,45,0,7,9
395241,395238,3,0,3,0,2,2
393600,392541,1059,0,1059,0,18,37
391952,391934,18,0,18,0,7,11
386958,386597,361,16,345,0,18,36
388566,388559,7,0,7,0,4,6
389760,389604,156,0,156,0,11,18
389898,389806,92,0,92,0,13,22
391127,391057,70,3,67,0,9,17
393773,393773,0,0,0,0,0,0
389772,389761,11,0,11,0,6,6
390047,390045,2,0,2,0,1,1
388985,388940,45,0,45,0,7,10
383736,383671,65,0,65,0,12,20
389049,388992,57,0,57,0,8,11
390249,390239,10,0,10,0,3,4
387737,387636,101,0,101,0,6,13
386024,385998,26,0,26,0,8,9
386954,386901,53,0,53,0,8,12
389402,389402,0,0,0,0,0,0
385989,385938,51,0,51,0,5,10
380524,380524,0,0,0,0,0,0
380843,380833,10,0,10,0,4,4
378193,378180,13,12,1,0,1,3
382777,382763,14,5,9,0,3,5
378633,378633,0,0,0,0,0,0
375797,375768,29,9,20,0,6,7
375494,375492,2,0,2,0,2,2
370957,370930,27,0,27,0,6,10
357639,357635,4,0,4,0,2,3
377317,377316,1,0,1,0,1,1
373779,373773,6,0,6,0,2,2
374243,374227,16,0,16,0,2,3
371047,371046,1,1,0,0,0,1
368851,368846,5,0,5,0,2,2
365636,365628,8,0,8,0,2,3
368141,368138,3,1,2,0,2,3
371015,371015,0,0,0,0,0,0
373361,373349,12,0,12,0,3,4
375648,375648,0,0,0,0,0,0
379764,379762,2,0,2,0,2,2
384651,384642,9,0,9,0,4,4
385387,385380,7,0,7,0,2,3
380555,380509,46,0,46,0,3,8
375132,375115,17,13,4,0,3,5
379866,379789,77,0,77,0,7,12
377812,377727,85,0,85,0,8,18
377145,377064,81,0,81,0,10,19
373765,373619,146,0,146,0,13,21
377693,377614,79,1,78,0,10,16
384035,383915,120,0,120,0,9,21
389687,389481,206,0,206,0,15,32
390319,389955,364,0,364,0,14,38
396559,396453,106,0,106,0,12,21
400748,400515,233,0,233,0,15,33
400580,400548,32,0,32,0,7,13
395347,395210,137,0,137,0,13,20
398495,398455,40,0,40,0,10,13
405005,404893,112,0,112,0,11,18
398551,398524,27,0,27,0,4,7
399638,399620,18,0,18,0,5,8
399972,399972,0,0,0,0,0,0
398759,398756,3,0,3,0,2,3
393223,393213,10,0,10,0,4,4
395585,395580,5,0,5,0,3,3
403741,403741,0,0,0,0,0,0
404330,404309,21,0,21,0,3,5
397941,397934,7,0,7,0,2,3
397114,397112,2,0,2,0,1,1
394725,394725,0,0,0,0,0,0
394350,394348,2,0,2,0,1,1
397527,397508,19,0,19,0,3,3
402417,402396,21,0,21,0,5,7
396693,396678,15,0,15,0,2,4
393936,393917,19,0,19,0,8,10
392281,391899,382,0,382,0,14,35
391928,391833,95,0,95,0,13,21
392543,392530,13,0,13,0,2,3
393535,393493,42,3,39,0,4,8
394151,394148,3,0,3,0,2,2
396298,396296,2,0,2,0,2,2
396487,396487,0,0,0,0,0,0
395219,395218,1,0,1,0,1,1
395696,395696,0,0,0,0,0,0
394573,394561,12,8,4,0,3,5
393736,393735,1,0,1,0,1,1
399033,399031,2,0,2,0,1,1
395825,395824,1,0,1,0,1,1
390905,390888,17,12,5,0,3,6
387100,387082,18,0,18,0,5,6
380816,380816,0,0,0,0,0,0
376909,376903,6,0,6,0,3,3
376786,376728,58,0,58,0,6,14
372501,372492,9,0,9,0,3,3
362703,362693,10,0,10,0,4,6
357164,357107,57,0,57,0,8,12
363404,363389,15,0,15,0,2,3
368689,368656,33,0,33,0,4,8
366718,366665,53,0,53,0,3,6
364586,364574,12,12,0,0,0,1
366613,366597,16,0,16,0,4,5
360449,360446,3,3,0,0,0,2
355386,355377,9,0,9,0,2,3
356909,356905,4,0,4,0,3,3
358356,358354,2,0,2,0,2,2
363658,363650,8,8,0,0,0,1
366166,366161,5,1,4,0,1,3
366191,366184,7,0,7,0,2,2
357278,357272,6,0,6,0,1,2
353858,353853,5,0,5,0,4,4
357620,357615,5,0,5,0,3,4
362736,362736,0,0,0,0,0,0
357563,357556,7,0,7,0,4,4
355464,355460,4,0,4,0,1,3
355147,355143,4,0,4,0,2,2
356952,356945,7,0,7,0,2,3
353250,353250,0,0,0,0,0,0
352643,352642,1,0,1,0,1,1
350862,350860,2,0,2,0,1,1
356000,355876,124,2,122,0,12,20
356139,356069,70,0,70,0,10,19
359812,359783,29,0,29,0,2,2
360033,359737,296,78,218,0,12,26
356177,356151,26,12,14,0,2,8
353523,353331,192,0,192,0,13,27
352199,352174,25,0,25,0,5,9
360118,359906,212,0,212,0,14,25
362384,362383,1,0,1,0,1,1
364425,364425,0,0,0,0,0,0
373230,372876,354,0,354,0,15,30
377768,377758,10,0,10,0,6,6
382988,382909,79,0,79,0,5,10
383667,383643,24,9,15,0,3,6
393877,393853,24,0,24,0,6,10
395887,395760,127,0,127,0,10,20
393931,393926,5,0,5,0,2,4
401045,401042,3,0,3,0,2,2
404949,404916,33,0,33,0,6,8
410203,410195,8,0,8,0,3,4
419835,419833,2,0,2,0,1,1
412345,412295,50,0,50,0,4,10
398026,397972,54,51,3,0,2,5
416181,416167,14,0,14,0,6,7
416063,416060,3,0,3,0,2,2
424257,424208,49,0,49,0,5,8
425960,425848,112,0,112,0,11,23
429674,429587,87,0,87,0,9,21
433103,433039,64,5,59,0,2,5
441716,441625,91,0,91,0,11,16
452703,452630,73,0,73,0,9,14
459149,459032,117,0,117,0,14,24
461770,461748,22,0,21,1,10,11
468591,468068,523,0,523,0,15,37
470948,470939,9,2,7,0,3,5
484017,483891,126,0,126,0,12,24
491262,491225,37,0,37,0,6,7
504985,504954,31,23,8,0,4,7
510325,510263,62,0,62,0,4,6
516241,516240,1,0,1,0,1,1
518913,518879,34,0,34,0,2,2
529987,529986,1,0,1,0,1,1
531646,531641,5,0,5,0,2,2
545326,545319,7,0,7,0,2,2
546110,546109,1,0,1,0,1,1
550465,550399,66,0,66,0,5,10
553643,553547,96,0,96,0,8,22
550594,550571,23,0,23,0,7,8
554218,554210,8,0,8,0,3,4
555786,555761,25,0,25,0,5,6
556542,556535,7,0,7,0,3,3
540460,540446,14,12,2,0,1,3
539721,539702,19,0,19,0,3,7
536797,536777,20,0,20,0,8,11
525330,525314,16,6,10,0,6,8
522342,522339,3,0,3,0,3,3
509591,509544,47,0,47,0,8,11
507093,504460,2633,0,2633,0,18,44
504972,504972,0,0,0,0,0,0
496163,494568,1595,0,1595,0,15,30
1204794,1152901,51893,0,51893,0,14,35
1171439,1170994,445,0,445,0,11,21
1196508,1193447,3061,0,3061,0,15,37
1182575,1181990,585,0,585,0,10,18
1167168,1166337,831,0,831,0,12,30
1164185,1163978,207,0,207,0,4,10
1133236,1133232,4,0,4,0,3,3
1128967,1128596,371,0,371,0,14,26
1112966,1112817,149,0,149,0,5,10
1088595,1087660,935,2,933,0,14,24
1070876,1059846,11030,0,11030,0,18,39
1066204,1066162,42,0,42,0,5,7
1042205,1042107,98,0,98,0,6,12
1025404,1024499,905,0,905,0,19,40
997449,996611,838,0,838,0,17,33
980559,980516,43,43,0,0,0,3
971870,971288,582,0,582,0,16,33
958713,958412,301,6,295,0,12,25
943430,943318,112,0,112,0,5,8
925434,924872,562,0,562,0,16,38
903223,902468,755,0,755,0,18,46
881902,881682,220,0,220,0,11,21
876242,875731,511,0,511,0,16,34
850510,850434,76,0,76,0,9,16
841432,841271,161,0,161,0,9,18
