coverage,wt.counts,mut.count,s.count,ns.count,stp.count,aa.sampled,codons.sampled
1124726,1124726,0,0,0,0,0,0
1143724,1143718,6,0,6,0,1,1
1171841,1171745,96,0,96,0,8,15
1181420,1181281,139,0,139,0,12,19
1202146,1201535,611,0,611,0,15,26
1219991,1219815,176,34,142,0,6,11
1219806,1219382,424,0,424,0,13,28
1245823,1245810,13,0,13,0,5,6
1254126,1254001,125,0,125,0,9,17
1283579,1283294,285,0,285,0,5,9
1286738,1286733,5,0,5,0,3,3
1305696,1305572,124,0,124,0,10,15
1321509,1321498,11,0,11,0,1,1
1253719,1253713,6,0,6,0,3,3
1350251,1349864,387,0,387,0,14,24
535804,535218,586,9,577,0,13,34
550249,550223,26,0,26,0,9,13
562061,561826,235,0,235,0,11,26
575247,575068,179,0,179,0,8,16
583284,583083,201,3,198,0,13,29
590462,590175,287,0,287,0,10,22
589466,589324,142,0,142,0,9,20
598123,598067,56,3,53,0,4,7
611018,610307,711,0,710,1,15,29
615948,615857,91,0,91,0,11,18
633649,633494,155,0,155,0,8,19
633042,633035,7,0,7,0,3,4
636413,636343,70,0,70,0,12,19
622721,622629,92,0,92,0,7,16
617152,617108,44,0,44,0,6,9
614874,614863,11,0,11,0,4,4
604216,604195,21,0,21,0,3,3
590298,590297,1,0,1,0,1,1
583297,583288,9,0,9,0,2,3
591923,591921,2,0,2,0,1,1
594718,594715,3,0,3,0,1,2
593230,593223,7,0,7,0,2,2
603671,603670,1,1,0,0,0,1
601701,601673,28,0,28,0,4,9
588692,588639,53,14,39,0,4,7
589247,589232,15,0,15,0,3,4
593599,593596,3,0,3,0,2,2
589116,589112,4,1,3,0,3,4
592512,592414,98,0,98,0,6,8
589404,589373,31,0,31,0,10,13
584641,584536,105,0,105,0,12,17
574884,574624,260,0,260,0,13,28
574132,573926,206,0,206,0,11,23
568037,568029,8,0,8,0,4,5
561326,561319,7,0,7,0,4,4
550054,549991,63,0,63,0,13,17
555994,555929,65,0,65,0,7,16
546365,546364,1,0,1,0,1,1
534531,534482,49,0,49,0,5,9
528083,528056,27,0,27,0,4,8
519679,519676,3,0,3,0,2,2
517790,517743,47,0,47,0,6,11
509157,509145,12,0,12,0,4,6
502281,502279,2,0,2,0,1,1
500125,500068,57,0,57,0,3,6
490071,489997,74,0,74,0,2,4
487906,487774,132,0,132,0,12,25
480947,480944,3,0,3,0,1,1
480990,480950,40,6,34,0,1,4
472953,472823,130,5,125,0,14,32
470685,470680,5,0,5,0,2,2
471204,471200,4,0,4,0,3,3
467115,467104,11,11,0,0,0,2
465722,465701,21,0,21,0,4,7
469142,469119,23,23,0,0,0,2
470286,470282,4,0,4,0,2,2
463782,463763,19,0,19,0,5,6
458809,458809,0,0,0,0,0,0
463966,463958,8,0,8,0,5,7
462068,462065,3,0,3,0,1,1
464174,464154,20,0,20,0,5,8
464646,464645,1,0,1,0,1,1
456410,456354,56,0,56,0,3,6
446922,446884,38,35,3,0,1,5
454131,454131,0,0,0,0,0,0
445819,445772,47,40,7,0,2,6
448364,448363,1,0,1,0,1,1
448854,448833,21,16,5,0,2,4
445464,445397,67,9,58,0,6,11
445893,445891,2,0,2,0,2,2
447200,447194,6,0,6,0,3,3
450402,450383,19,10,9,0,2,5
454442,454440,2,0,2,0,1,1
454128,454127,1,0,1,0,1,1
453131,453120,11,11,0,0,0,1
454182,454158,24,0,24,0,2,5
455021,455016,5,0,5,0,2,2
456854,456850,4,0,4,0,1,1
459528,459517,11,0,11,0,4,5
462232,462232,0,0,0,0,0,0
462226,462216,10,0,10,0,3,4
466260,466252,8,0,8,0,3,3
468964,468949,15,0,15,0,1,1
467147,467146,1,0,1,0,1,1
467145,467141,4,0,4,0,2,2
465384,465367,17,0,17,0,2,3
463042,463040,2,0,2,0,1,1
457901,457888,13,0,13,0,2,3
453831,453820,11,0,11,0,3,3
451910,451895,15,0,15,0,4,5
445565,445483,82,0,82,0,11,20
439074,439073,1,0,1,0,1,1
439901,439900,1,0,1,0,1,1
442485,442388,97,0,97,0,12,27
436693,436691,2,0,2,0,2,2
430729,430716,13,0,13,0,4,5
427821,427621,200,0,200,0,16,32
417628,417576,52,0,52,0,4,11
421666,421521,145,28,117,0,12,23
427525,427525,0,0,0,0,0,0
420279,420279,0,0,0,0,0,0
419639,419614,25,0,25,0,3,6
425001,424994,7,0,7,0,1,2
430505,430495,10,0,10,0,6,6
439019,439018,1,0,1,0,1,1
445292,445273,19,0,19,0,5,8
447489,447489,0,0,0,0,0,0
447417,447416,1,0,1,0,1,1
442101,442015,86,0,86,0,9,19
445585,445585,0,0,0,0,0,0
447441,447441,0,0,0,0,0,0
446027,446027,0,0,0,0,0,0
444731,444717,14,0,14,0,3,5
448952,448944,8,0,8,0,2,3
447691,447647,44,0,44,0,2,4
446322,446299,23,23,0,0,0,3
445568,445568,0,0,0,0,0,0
442178,442177,1,0,1,0,1,1
443773,443770,3,0,3,0,1,1
443003,442997,6,4,2,0,2,3
442729,442727,2,0,2,0,1,1
442124,442120,4,4,0,0,0,1
444979,444959,20,0,20,0,5,8
446576,446355,221,0,221,0,9,22
450768,450766,2,0,2,0,1,1
453744,453723,21,0,21,0,5,9
454291,454278,13,0,13,0,2,2
458747,458584,163,0,163,0,10,16
460428,460408,20,8,12,0,4,8
460257,460182,75,0,75,0,12,22
461124,461123,1,0,1,0,1,1
459014,459014,0,0,0,0,0,0
458114,458105,9,0,9,0,3,3
456939,456928,11,0,11,0,5,5
456705,456658,47,0,47,0,1,4
459868,459865,3,0,3,0,1,1
450790,450790,0,0,0,0,0,0
448445,448440,5,0,5,0,3,3
448764,448726,38,0,38,0,5,10
446186,446128,58,50,8,0,3,6
442828,442788,40,0,40,0,6,9
438313,438266,47,0,47,0,8,17
427991,427975,16,2,14,0,4,6
419740,419740,0,0,0,0,0,0
422606,422606,0,0,0,0,0,0
424640,424637,3,0,3,0,2,2
420616,420568,48,0,48,0,4,7
420356,420356,0,0,0,0,0,0
417086,417079,7,0,7,0,1,2
413797,413785,12,0,12,0,3,3
410092,409992,100,0,100,0,12,20
409092,409091,1,0,1,0,1,1
409054,409054,0,0,0,0,0,0
400170,400167,3,0,3,0,3,3
400385,400357,28,25,3,0,2,5
396078,396076,2,0,2,0,2,2
395120,395112,8,5,3,0,1,2
397535,397524,11,0,11,0,4,7
395775,395749,26,0,26,0,4,5
396098,396094,4,0,4,0,2,2
399351,399341,10,0,10,0,1,3
399182,399159,23,0,23,0,5,6
400204,400204,0,0,0,0,0,0
405418,405417,1,0,1,0,1,1
404248,404247,1,0,1,0,1,1
404636,404629,7,0,7,0,3,4
398537,398537,0,0,0,0,0,0
394511,394511,0,0,0,0,0,0
396996,396994,2,2,0,0,0,1
398133,398101,32,0,32,0,2,6
393800,393800,0,0,0,0,0,0
396042,396040,2,0,2,0,2,2
395375,395375,0,0,0,0,0,0
397436,397434,2,0,2,0,2,2
398379,398284,95,0,95,0,4,12
401438,401419,19,2,17,0,6,9
402337,402332,5,0,5,0,3,3
399540,399536,4,0,4,0,3,3
397129,397098,31,0,31,0,5,8
396646,396565,81,0,81,0,7,17
399963,399960,3,0,3,0,1,2
397565,397550,15,0,15,0,7,8
393590,393583,7,0,7,0,3,3
391856,391840,16,0,16,0,4,5
391371,391362,9,0,9,0,3,3
395506,395490,16,0,16,0,3,4
398112,398110,2,0,2,0,2,2
399878,399878,0,0,0,0,0,0
398476,398472,4,0,4,0,1,1
396845,396819,26,0,26,0,2,3
396847,392908,3939,0,3939,0,18,41
397654,397329,325,0,324,1,11,21
405212,405195,17,0,17,0,4,8
402436,402313,123,0,123,0,12,18
405249,405243,6,0,6,0,3,3
406931,405472,1459,5,1454,0,13,30
405892,405437,455,64,391,0,15,31
400614,400251,363,0,363,0,17,29
396100,396079,21,0,21,0,6,8
395496,395490,6,1,5,0,1,2
393983,393964,19,1,18,0,5,7
392036,392025,11,0,11,0,4,5
389031,388988,43,0,43,0,9,15
387039,387035,4,0,4,0,1,1
391291,388953,2338,29,2309,0,13,29
387486,387371,115,0,115,0,10,22
383267,383223,44,0,44,0,7,13
387696,387693,3,0,3,0,2,2
386011,386006,5,0,5,0,4,4
382903,382769,134,0,134,0,11,23
382692,382689,3,0,3,0,1,1
380456,380294,162,0,162,0,10,14
375929,375915,14,0,14,0,4,5
372033,372019,14,0,14,0,5,5
371895,371812,83,0,83,0,10,20
376547,376361,186,1,185,0,12,28
381900,381844,56,0,56,0,9,13
377620,377004,616,6,610,0,14,23
380027,379962,65,0,65,0,8,12
376094,374953,1141,0,1141,0,16,37
379284,379145,139,31,108,0,12,27
377049,376981,68,0,68,0,6,10
377860,377855,5,0,5,0,3,3
379022,378971,51,21,30,0,5,10
378736,378727,9,0,9,0,5,5
379182,379170,12,0,12,0,5,6
382093,381968,125,0,125,0,10,19
380150,380142,8,0,8,0,2,2
376305,376291,14,0,14,0,2,3
372237,372216,21,0,21,0,3,5
378599,378586,13,0,13,0,5,7
374802,374797,5,0,5,0,3,3
374818,374809,9,0,9,0,4,4
371640,371586,54,0,54,0,3,5
369711,369603,108,0,108,0,6,16
366810,366810,0,0,0,0,0,0
368204,368204,0,0,0,0,0,0
369357,369353,4,3,1,0,1,3
368460,368436,24,0,24,0,5,8
372135,372099,36,0,36,0,4,5
376880,376880,0,0,0,0,0,0
378023,378021,2,0,2,0,1,1
379880,379878,2,0,2,0,2,2
379470,379470,0,0,0,0,0,0
376789,376786,3,0,3,0,1,1
381296,381291,5,0,5,0,3,3
381567,381564,3,0,3,0,1,1
383553,383547,6,0,6,0,3,3
383830,383820,10,8,1,1,2,4
387201,387201,0,0,0,0,0,0
389989,389989,0,0,0,0,0,0
387544,387540,4,0,4,0,2,2
386553,386499,54,30,24,0,4,9
385991,385977,14,0,14,0,3,5
385011,384992,19,0,19,0,3,5
382291,382265,26,0,26,0,4,6
381411,381407,4,0,4,0,4,4
385407,385403,4,0,4,0,2,2
386473,386472,1,0,1,0,1,1
386741,386739,2,0,2,0,1,1
382946,382927,19,0,19,0,4,7
382832,382831,1,0,1,0,1,1
382901,382860,41,20,21,0,7,14
383155,383138,17,0,17,0,3,4
387281,387281,0,0,0,0,0,0
389752,389743,9,0,9,0,3,4
388484,388481,3,0,3,0,3,3
383634,383620,14,0,14,0,3,4
385227,385213,14,0,14,0,6,6
386797,386764,33,0,33,0,6,10
392289,392280,9,5,4,0,1,3
395760,395754,6,0,6,0,2,2
402602,402581,21,0,21,0,4,8
397968,397907,61,0,61,0,6,14
397949,397898,51,0,51,0,8,13
402528,402526,2,0,2,0,1,1
404427,404425,2,0,2,0,1,1
403427,403427,0,0,0,0,0,0
407399,407365,34,0,34,0,3,4
409090,409081,9,0,9,0,3,5
408821,408820,1,0,1,0,1,1
408706,408705,1,0,1,0,1,1
411046,411005,41,0,41,0,10,15
410485,410439,46,0,46,0,10,16
412969,412963,6,0,6,0,3,3
413455,413448,7,0,7,0,2,4
414525,414518,7,0,7,0,4,4
414781,414732,49,0,49,0,7,15
419568,419394,174,0,174,0,9,15
418836,418828,8,0,8,0,5,5
420824,420804,20,9,11,0,3,6
421398,421376,22,0,22,0,1,3
421619,421595,24,0,24,0,1,2
424260,424229,31,0,31,0,8,13
421206,421204,2,0,2,0,1,1
425510,425509,1,0,1,0,1,1
423894,423868,26,0,26,0,2,3
424469,424465,4,0,4,0,2,2
431061,431021,40,0,40,0,6,10
427805,427784,21,0,21,0,2,4
426003,425947,56,0,56,0,2,6
422670,422661,9,0,9,0,2,4
421687,421685,2,0,2,0,2,2
419490,419482,8,0,8,0,3,3
423970,423872,98,0,98,0,13,19
421385,421334,51,0,51,0,4,8
423146,423140,6,0,6,0,2,2
417448,417448,0,0,0,0,0,0
415135,415123,12,0,12,0,4,8
410264,410264,0,0,0,0,0,0
413450,413434,16,14,2,0,2,4
415018,414998,20,17,3,0,2,4
420894,420567,327,302,25,0,3,6
413285,413285,0,0,0,0,0,0
411051,410833,218,0,218,0,17,30
406880,406751,129,0,129,0,11,24
411656,411654,2,0,2,0,1,1
415764,415755,9,0,9,0,4,4
411661,411643,18,18,0,0,0,2
412042,412042,0,0,0,0,0,0
412049,412010,39,0,39,0,3,6
407314,407307,7,0,7,0,2,3
415677,415538,139,0,139,0,8,20
417851,417846,5,0,5,0,2,2
417043,417038,5,0,5,0,2,2
417048,417046,2,0,2,0,1,1
419188,419171,17,13,4,0,2,5
418224,418193,31,0,31,0,4,5
423488,423486,2,0,2,0,1,1
422151,422151,0,0,0,0,0,0
424849,424843,6,0,6,0,3,3
424177,424177,0,0,0,0,0,0
424174,424169,5,5,0,0,0,1
417690,417690,0,0,0,0,0,0
417519,417519,0,0,0,0,0,0
419521,419519,2,0,2,0,1,1
424528,424525,3,0,3,0,2,2
429878,429877,1,0,1,0,1,1
427950,427950,0,0,0,0,0,0
431108,431098,10,0,10,0,3,3
437193,437183,10,0,10,0,4,5
439532,439531,1,0,1,0,1,1
437447,437447,0,0,0,0,0,0
437229,437229,0,0,0,0,0,0
441026,441024,2,0,2,0,1,1
439060,439060,0,0,0,0,0,0
440415,440399,16,0,16,0,4,6
439340,439337,3,0,3,0,1,1
434029,434029,0,0,0,0,0,0
432181,432144,37,0,37,0,5,9
433536,433528,8,0,8,0,3,4
434202,434132,70,6,64,0,8,17
418445,418444,1,0,1,0,1,1
430168,430165,3,0,3,0,2,2
431924,431913,11,0,11,0,5,5
439184,439170,14,0,14,0,7,8
435246,435210,36,0,36,0,8,12
430111,430010,101,0,101,0,12,23
429000,428992,8,0,8,0,3,3
427724,427703,21,16,5,0,2,4
424410,424400,10,0,10,0,3,4
425791,425791,0,0,0,0,0,0
425659,425653,6,0,6,0,4,5
426739,426723,16,0,16,0,5,7
424082,424080,2,0,2,0,1,1
418867,418857,10,0,10,0,4,5
423289,423287,2,0,2,0,1,1
423958,423937,21,8,13,0,3,6
427963,427963,0,0,0,0,0,0
423386,423386,0,0,0,0,0,0
429348,429344,4,0,4,0,2,2
433306,433276,30,0,30,0,4,7
433107,433021,86,0,86,0,9,16
431530,431529,1,0,1,0,1,1
434906,434813,93,0,93,0,9,15
428382,424207,4175,0,4175,0,17,41
438629,438601,28,0,28,0,7,11
433486,433427,59,0,59,0,10,20
431962,431863,99,0,99,0,5,8
432208,431432,776,0,776,0,13,29
440847,440788,59,0,59,0,7,14
439691,439691,0,0,0,0,0,0
444060,444060,0,0,0,0,0,0
451881,451859,22,0,22,0,3,5
451723,451720,3,0,3,0,2,2
451753,451624,129,0,129,0,9,22
454587,454570,17,0,17,0,4,7
454124,454102,22,0,22,0,5,7
454670,454664,6,0,6,0,2,3
457139,457126,13,6,7,0,3,6
455893,455869,24,12,12,0,1,3
452684,452645,39,0,39,0,3,6
451417,451348,69,0,69,0,10,15
452405,452371,34,0,34,0,3,4
457856,457683,173,22,151,0,12,26
462099,462030,69,0,69,0,9,16
460661,460645,16,0,16,0,8,8
463025,462960,65,0,65,0,9,14
460428,460422,6,0,6,0,2,3
463732,463724,8,0,8,0,2,2
457909,457893,16,0,16,0,4,6
466428,466423,5,0,5,0,3,3
465958,465919,39,0,39,0,11,16
463621,463619,2,0,2,0,2,2
461658,461643,15,0,15,0,7,8
455008,455007,1,0,1,0,1,1
456398,456398,0,0,0,0,0,0
454360,454237,123,0,123,0,12,21
455048,454944,104,14,90,0,12,21
455544,455390,154,29,125,0,12,22
448954,448933,21,0,21,0,7,10
447564,447559,5,0,5,0,3,3
448872,448789,83,5,78,0,10,17
437908,437893,15,0,15,0,5,5
431941,431935,6,0,6,0,1,2
431150,431147,3,0,3,0,3,3
431028,431019,9,7,2,0,1,2
428843,428841,2,0,2,0,2,2
429808,429807,1,0,1,0,1,1
428049,428030,19,0,19,0,2,4
422186,422182,4,3,1,0,1,2
422009,421997,12,0,12,0,3,6
427277,427277,0,0,0,0,0,0
427534,427529,5,0,5,0,4,4
424975,424970,5,0,5,0,1,2
425006,425006,0,0,0,0,0,0
423825,423825,0,0,0,0,0,0
426962,426959,3,0,3,0,3,3
427391,427388,3,0,3,0,1,1
426247,426229,18,12,6,0,1,5
427869,427853,16,0,16,0,3,4
427001,427000,1,0,1,0,1,1
421521,421509,12,0,12,0,6,7
417118,417116,2,0,2,0,1,1
419551,419550,1,0,1,0,1,1
424278,424273,5,0,5,0,3,4
419246,419236,10,0,10,0,4,4
420766,420740,26,0,26,0,3,7
411980,411980,0,0,0,0,0,0
408573,408561,12,6,6,0,1,3
406728,406695,33,0,33,0,2,5
409211,409210,1,0,1,0,1,1
407073,407061,12,0,12,0,4,6
410722,410715,7,0,7,0,3,3
413354,413350,4,0,4,0,3,3
405345,405344,1,0,1,0,1,1
402446,402435,11,0,11,0,4,4
409019,409014,5,0,5,0,2,2
406371,406355,16,10,6,0,3,5
404419,404414,5,0,5,0,1,2
408887,408885,2,0,2,0,1,1
408434,408432,2,0,2,0,1,1
406077,406076,1,0,1,0,1,1
401666,401662,4,0,4,0,2,2
401693,401692,1,0,1,0,1,1
408821,408810,11,0,11,0,3,4
408526,408526,0,0,0,0,0,0
416872,416740,132,0,132,0,11,18
405927,405924,3,0,3,0,2,2
409536,409359,177,0,177,0,13,26
406032,405965,67,0,67,0,13,22
409321,409318,3,1,2,0,1,2
408645,408625,20,0,20,0,10,10
411286,411281,5,0,5,0,2,3
412105,412098,7,0,7,0,2,4
414285,414285,0,0,0,0,0,0
415836,415832,4,0,4,0,2,3
413879,413869,10,0,10,0,3,3
410774,410770,4,0,4,0,2,2
411864,411864,0,0,0,0,0,0
411626,411586,40,0,40,0,5,9
404941,404918,23,0,23,0,4,6
399233,399224,9,0,9,0,2,3
395408,395404,4,0,4,0,1,1
399757,399755,2,0,2,0,1,1
401341,401339,2,0,2,0,2,2
404517,404507,10,4,6,0,2,3
404926,404926,0,0,0,0,0,0
401286,401277,9,9,0,0,0,2
398876,398856,20,17,3,0,3,7
399766,399679,87,0,87,0,5,10
399941,399926,15,0,15,0,2,4
401151,401150,1,0,1,0,1,1
396576,396535,41,0,41,0,6,12
394908,394879,29,0,29,0,4,9
393265,393264,1,0,1,0,1,1
390823,390823,0,0,0,0,0,0
392495,392490,5,0,5,0,1,1
393753,393727,26,20,6,0,2,5
399502,399488,14,0,14,0,6,7
399274,399273,1,0,1,0,1,1
401505,401503,2,0,0,2,1,1
389601,389600,1,0,1,0,1,1
390779,390778,1,0,1,0,1,1
381505,381494,11,0,11,0,3,3
387667,387665,2,0,2,0,2,2
385908,385758,150,0,150,0,13,20
385690,385241,449,29,420,0,16,32
383237,383227,10,0,10,0,1,4
382439,382389,50,0,50,0,6,12
380340,380340,0,0,0,0,0,0
377454,377443,11,0,11,0,3,5
372804,372578,226,0,226,0,6,9
371986,371985,1,0,1,0,1,1
370550,370550,0,0,0,0,0,0
370037,369968,69,0,69,0,9,15
376073,376067,6,0,6,0,2,3
372213,372198,15,0,15,0,2,3
377280,377250,30,0,30,0,3,5
374806,374793,13,0,13,0,5,6
375472,375470,2,0,2,0,2,2
369313,369313,0,0,0,0,0,0
369087,369087,0,0,0,0,0,0
370653,370649,4,0,4,0,1,2
371738,371729,9,0,9,0,1,2
377704,377704,0,0,0,0,0,0
381842,381837,5,0,5,0,4,4
379084,379084,0,0,0,0,0,0
376020,375978,42,0,42,0,3,11
378253,378200,53,0,53,0,8,14
376548,376406,142,0,142,0,5,9
379736,379648,88,0,88,0,6,16
383887,383795,92,4,88,0,7,12
382047,381895,152,28,124,0,8,15
385312,385238,74,0,74,0,6,12
388401,388162,239,0,239,0,14,24
386221,386200,21,0,21,0,4,9
384381,384373,8,0,8,0,2,2
382064,382043,21,0,21,0,3,4
383588,383557,31,0,31,0,4,5
379336,379322,14,0,14,0,3,5
378895,378890,5,5,0,0,0,1
375676,375654,22,0,22,0,2,3
373826,373822,4,0,4,0,3,3
367524,367523,1,0,1,0,1,1
369346,369345,1,0,1,0,1,1
367876,367876,0,0,0,0,0,0
366997,366994,3,3,0,0,0,1
362385,362373,12,0,12,0,5,7
361593,361592,1,1,0,0,0,1
356701,356700,1,0,1,0,1,1
361225,361222,3,3,0,0,0,1
362272,362268,4,0,4,0,2,2
355488,355487,1,0,1,0,1,1
350605,350603,2,0,2,0,1,1
346653,346615,38,0,38,0,8,14
356270,356266,4,0,4,0,2,2
361227,361158,69,0,69,0,6,12
367423,367227,196,7,189,0,16,29
370477,370476,1,0,1,0,1,1
366792,362107,4685,0,4685,0,16,43
363978,363543,435,0,435,0,10,27
358713,358700,13,0,13,0,3,3
357460,357376,84,0,84,0,8,11
347414,347412,2,0,2,0,1,1
357766,357764,2,0,2,0,1,1
355041,354939,102,0,102,0,16,28
353374,353075,299,0,299,0,17,43
358658,358596,62,0,62,0,6,13
357823,357498,325,0,325,0,13,29
360705,360408,297,0,297,0,15,33
363678,363623,55,0,55,0,11,17
362404,362324,80,0,80,0,9,17
359217,358987,230,0,230,0,14,27
357135,356882,253,0,253,0,11,28
353670,353513,157,0,157,0,15,33
356232,356154,78,0,78,0,3,11
357932,357792,140,18,122,0,13,28
360267,360239,28,0,28,0,3,4
361601,361566,35,0,35,0,7,11
363128,363116,12,0,12,0,3,6
362930,362930,0,0,0,0,0,0
361270,361145,125,0,125,0,14,25
362055,361986,69,0,69,0,15,21
365481,365400,81,0,81,0,8,14
368916,368881,35,0,35,0,10,13
368430,368392,38,0,38,0,4,8
368516,368449,67,0,67,0,11,19
372458,372454,4,0,4,0,1,1
364960,364775,185,13,172,0,6,15
366767,366729,38,0,38,0,8,13
368074,367945,129,0,129,0,12,24
372300,372299,1,0,1,0,1,1
373429,373427,2,0,2,0,2,2
374536,374514,22,0,22,0,4,6
374586,374586,0,0,0,0,0,0
369539,369539,0,0,0,0,0,0
368238,368230,8,0,8,0,1,1
370523,370493,30,0,30,0,2,4
373720,373719,1,0,1,0,1,1
374715,374715,0,0,0,0,0,0
371977,371977,0,0,0,0,0,0
375007,375004,3,0,3,0,2,2
377171,377171,0,0,0,0,0,0
376537,376530,7,2,5,0,2,3
368003,368003,0,0,0,0,0,0
367621,367613,8,0,8,0,1,2
365140,365127,13,0,13,0,6,8
363806,363805,1,0,1,0,1,1
363533,363510,23,0,23,0,6,9
363546,363546,0,0,0,0,0,0
362286,362245,41,0,41,0,3,7
362582,362573,9,0,9,0,4,4
359183,359180,3,0,1,2,2,2
361651,361646,5,0,5,0,1,1
357950,357948,2,2,0,0,0,1
358189,358097,92,0,91,1,12,20
358302,358300,2,0,2,0,2,2
357598,357400,198,0,198,0,12,27
358013,358010,3,0,3,0,2,2
355874,355841,33,0,33,0,7,12
353823,353823,0,0,0,0,0,0
354348,354326,22,4,18,0,6,13
355185,355179,6,3,3,0,2,3
359954,359917,37,2,35,0,6,10
360387,360386,1,0,1,0,1,1
365110,365089,21,21,0,0,0,2
361691,361674,17,0,17,0,5,8
362580,362546,34,0,34,0,6,9
357946,357945,1,0,1,0,1,1
358507,358507,0,0,0,0,0,0
359734,359728,6,0,6,0,1,1
359443,359427,16,8,8,0,5,6
366062,366054,8,0,8,0,2,3
364483,364473,10,8,2,0,2,3
363223,363218,5,0,5,0,1,1
363615,363610,5,0,5,0,1,2
358806,358805,1,0,1,0,1,1
361033,361031,2,0,2,0,1,2
366319,366309,10,0,10,0,5,5
366024,366024,0,0,0,0,0,0
362483,362456,27,0,27,0,8,10
368148,368105,43,0,43,0,9,13
367616,367616,0,0,0,0,0,0
365799,364862,937,0,937,0,18,42
364705,364692,13,0,13,0,5,7
359334,359064,270,9,261,0,16,29
360774,360762,12,0,12,0,5,6
361514,361398,116,0,116,0,10,19
361382,361255,127,0,127,0,14,27
361978,361947,31,8,23,0,9,16
364012,364007,5,0,5,0,3,3
359477,359467,10,0,10,0,3,4
359553,359548,5,0,5,0,3,3
357933,357908,25,0,25,0,4,5
353176,353118,58,0,58,0,15,23
357149,357124,25,0,25,0,5,7
351557,351466,91,0,32,59,8,14
348796,348741,55,0,55,0,7,11
347300,347296,4,0,4,0,1,1
348327,348298,29,0,29,0,4,6
350101,350095,6,0,6,0,3,4
348336,348302,34,0,34,0,3,7
343886,343883,3,0,3,0,2,2
344285,344285,0,0,0,0,0,0
340342,340341,1,0,1,0,1,1
343639,343625,14,9,5,0,2,3
341314,341311,3,0,3,0,1,1
339467,339460,7,0,7,0,4,4
339654,339654,0,0,0,0,0,0
335386,335370,16,0,16,0,4,4
325380,325380,0,0,0,0,0,0
341658,341656,2,0,2,0,1,2
338590,338590,0,0,0,0,0,0
339102,339095,7,0,7,0,4,4
336893,336892,1,0,1,0,1,1
335106,335105,1,0,1,0,1,1
332431,332420,11,0,11,0,3,4
335619,335618,1,1,0,0,0,1
338323,338323,0,0,0,0,0,0
340548,340539,9,0,9,0,4,4
342815,342815,0,0,0,0,0,0
346874,346874,0,0,0,0,0,0
350721,350721,0,0,0,0,0,0
351503,351492,11,0,11,0,2,3
347659,347624,35,0,35,0,5,10
343828,343812,16,16,0,0,0,3
347726,347697,29,0,29,0,5,7
346065,346011,54,0,54,0,8,14
345755,345716,39,0,39,0,6,11
343567,343444,123,0,123,0,10,17
347365,347335,30,1,29,0,5,10
353387,353285,102,0,102,0,9,16
358136,357996,140,0,140,0,13,23
358991,358680,311,0,311,0,11,32
364828,364746,82,0,82,0,13,20
368282,368206,76,0,76,0,11,23
368273,368252,21,0,21,0,7,11
363119,363034,85,0,85,0,8,13
366022,365979,43,0,43,0,5,11
371704,371638,66,0,66,0,12,21
365912,365908,4,3,1,0,1,2
366885,366885,0,0,0,0,0,0
366902,366900,2,0,2,0,1,1
365965,365962,3,0,3,0,2,2
361494,361485,9,0,9,0,4,5
363700,363696,4,0,4,0,1,1
370281,370281,0,0,0,0,0,0
370211,370200,11,0,11,0,3,4
364278,364278,0,0,0,0,0,0
364093,364093,0,0,0,0,0,0
362129,362129,0,0,0,0,0,0
361927,361927,0,0,0,0,0,0
366050,366041,9,0,9,0,3,3
370825,370804,21,0,21,0,4,7
365207,365201,6,0,6,0,3,4
363177,363165,12,0,12,0,4,4
362197,361953,244,0,244,0,14,36
361547,361486,61,0,61,0,9,16
362302,362293,9,0,9,0,2,2
363418,363412,6,1,5,0,1,3
363791,363791,0,0,0,0,0,0
365305,365301,4,0,4,0,2,2
365433,365431,2,0,2,0,1,1
364852,364852,0,0,0,0,0,0
365326,365325,1,0,1,0,1,1
364397,364384,13,10,3,0,2,3
363458,363458,0,0,0,0,0,0
368143,368142,1,0,1,0,1,1
364835,364834,1,0,1,0,1,1
360408,360383,25,24,1,0,1,3
356648,356624,24,0,24,0,2,5
351030,351028,2,0,2,0,1,1
347165,347165,0,0,0,0,0,0
347531,347491,40,0,40,0,6,11
343406,343391,15,0,15,0,7,8
334271,334244,27,0,27,0,4,6
329209,329151,58,0,58,0,9,14
334443,334439,4,0,4,0,1,2
338545,338522,23,0,23,0,5,8
337297,337252,45,0,45,0,4,7
335101,335078,23,23,0,0,0,1
336644,336627,17,0,17,0,3,3
330316,330311,5,2,3,0,1,2
325512,325508,4,0,4,0,2,2
327290,327290,0,0,0,0,0,0
327865,327865,0,0,0,0,0,0
331175,331170,5,3,2,0,1,2
333338,333331,7,0,7,0,3,3
332902,332897,5,0,5,0,1,2
324370,324367,3,0,3,0,3,3
321142,321134,8,0,8,0,2,2
324487,324486,1,0,1,0,1,1
328864,328864,0,0,0,0,0,0
323677,323669,8,0,8,0,5,5
321593,321577,16,0,16,0,5,8
321052,321052,0,0,0,0,0,0
322320,322319,1,0,1,0,1,1
318563,318562,1,0,1,0,1,1
318175,318175,0,0,0,0,0,0
316553,316552,1,0,1,0,1,1
320782,320716,66,2,64,0,14,17
320979,320930,49,0,49,0,10,15
324331,324325,6,0,6,0,1,1
324329,324160,169,10,159,0,14,28
321383,321370,13,4,9,0,3,7
319814,319574,240,0,240,0,13,26
318304,318282,22,0,22,0,3,6
325579,325346,233,0,233,0,17,33
327762,327761,1,0,1,0,1,1
330310,330310,0,0,0,0,0,0
338209,338020,189,0,189,0,14,26
342468,342453,15,0,15,0,6,6
347878,347846,32,0,32,0,8,12
350121,350107,14,0,14,0,5,7
358496,358475,21,0,21,0,6,8
360899,360798,101,0,101,0,11,23
360062,360055,7,0,7,0,5,5
366488,366487,1,0,1,0,1,1
370733,370686,47,0,47,0,6,11
377037,377031,6,0,6,0,3,3
384900,384898,2,0,2,0,2,2
378119,378080,39,0,39,0,6,10
367047,367015,32,28,4,0,3,6
382644,382637,7,0,7,0,2,3
383228,383228,0,0,0,0,0,0
390912,390884,28,0,28,0,6,10
392533,392437,96,0,96,0,15,22
395974,395920,54,0,54,0,6,12
399261,399233,28,1,27,0,2,4
406873,406832,41,0,41,0,8,12
417565,417544,21,0,21,0,7,8
423215,423155,60,0,60,0,8,15
426612,426606,6,0,6,0,2,3
433171,432735,436,0,436,0,16,38
435679,435668,11,5,6,0,2,6
447510,447436,74,0,74,0,9,17
456013,456004,9,0,9,0,2,4
466809,466798,11,7,1,3,2,3
471944,471898,46,0,46,0,3,6
477502,477500,2,0,2,0,1,1
480444,480406,38,0,38,0,3,3
489641,489641,0,0,0,0,0,0
491419,491406,13,0,13,0,3,3
503712,503712,0,0,0,0,0,0
504718,504718,0,0,0,0,0,0
508681,508642,39,0,39,0,5,9
512554,512461,93,0,93,0,10,22
509203,509194,9,0,9,0,5,6
512930,512925,5,0,5,0,3,3
514598,514585,13,0,13,0,2,3
515549,515546,3,0,3,0,2,2
501943,501922,21,19,2,0,2,5
500896,500879,17,0,17,0,5,9
498799,498773,26,0,26,0,6,10
489194,489183,11,11,0,0,0,2
486308,486296,12,4,8,0,3,4
475133,475081,52,0,52,0,6,10
473904,472311,1593,0,1593,0,15,37
472161,472161,0,0,0,0,0,0
464618,463749,869,0,869,0,14,27
1118266,1098674,19592,0,19591,1,15,32
1085969,1085676,293,0,293,0,10,15
1105730,1103996,1734,0,1734,0,16,40
1093698,1093362,336,0,336,0,10,17
1078748,1078421,327,0,327,0,11,22
1075924,1075828,96,0,96,0,4,9
1048304,1048299,5,0,5,0,3,3
1043107,1042830,277,0,277,0,13,28
1028699,1028611,88,0,88,0,5,10
1008473,1007499,974,5,969,0,14,26
993877,990513,3364,0,3364,0,18,40
986038,986002,36,0,36,0,3,5
965097,965047,50,0,50,0,6,8
949546,948510,1036,0,1036,0,17,39
925625,924679,946,0,946,0,19,34
908819,908747,72,69,3,0,2,5
899910,899273,637,0,637,0,16,30
887267,886977,290,20,270,0,15,28
873514,873369,145,0,145,0,8,13
857435,856991,444,0,444,0,16,36
837910,837177,733,0,733,0,17,42
819637,819470,167,0,167,0,14,24
811696,811064,632,0,632,0,16,34
789812,789752,60,0,60,0,7,11
779001,778892,109,0,109,0,12,21
