coverage,wt.counts,mut.count,s.count,ns.count,stp.count,aa.sampled,codons.sampled
603505,603505,0,0,0,0,0,0
607943,607943,0,0,0,0,0,0
608474,608468,6,0,6,0,2,2
597734,597681,53,0,53,0,3,5
588197,587884,313,0,313,0,10,13
604783,604752,31,0,31,0,4,5
603907,603678,229,0,229,0,9,13
600740,600734,6,0,5,1,2,2
599035,598919,116,0,116,0,4,7
607211,607175,36,0,36,0,1,2
608807,608807,0,0,0,0,0,0
608333,608250,83,0,83,0,6,6
599150,599150,0,0,0,0,0,0
601914,601891,23,0,23,0,1,3
599054,598745,309,0,309,0,4,8
580184,579170,1014,0,1014,0,13,25
592331,592318,13,0,13,0,2,2
461931,461359,572,0,572,0,10,15
474588,474406,182,0,182,0,4,7
465887,465578,309,28,281,0,9,16
475563,475438,125,0,125,0,6,11
471446,471365,81,0,81,0,5,9
476958,476904,54,0,54,0,2,3
479639,479478,161,0,161,0,9,12
480837,480818,19,0,19,0,2,2
490325,490034,291,0,291,0,6,12
487023,486975,48,0,48,0,3,3
482283,482248,35,0,35,0,6,6
474768,474729,39,0,39,0,3,3
465701,465669,32,0,32,0,4,5
458297,458291,6,0,6,0,2,2
443384,443360,24,0,24,0,1,1
436002,435997,5,0,5,0,1,1
433245,433242,3,0,3,0,2,2
427292,427292,0,0,0,0,0,0
424744,424736,8,0,8,0,1,1
419135,419129,6,0,6,0,1,1
420158,420132,26,26,0,0,0,1
413831,413820,11,0,11,0,3,3
407131,407092,39,8,31,0,3,4
398610,398610,0,0,0,0,0,0
394325,394325,0,0,0,0,0,0
386577,386577,0,0,0,0,0,0
386115,386113,2,0,2,0,1,1
378876,378864,12,0,12,0,2,2
373295,373204,91,0,91,0,3,6
360049,359905,144,0,144,0,9,13
351347,351143,204,0,204,0,6,12
345196,345196,0,0,0,0,0,0
334087,334084,3,0,3,0,1,1
323720,323628,92,0,92,0,8,9
323310,323205,105,0,105,0,6,11
312253,312253,0,0,0,0,0,0
299104,298974,130,0,130,0,3,5
293428,293421,7,0,6,1,3,3
289383,289383,0,0,0,0,0,0
283493,283474,19,0,19,0,3,4
277964,277960,4,0,4,0,1,1
273674,273674,0,0,0,0,0,0
272638,272594,44,0,44,0,2,3
266880,266879,1,0,1,0,1,1
264455,264308,147,0,147,0,11,14
256684,256682,2,0,2,0,1,1
253732,253704,28,5,23,0,2,3
244887,244769,118,0,118,0,7,10
242706,242706,0,0,0,0,0,0
245796,245796,0,0,0,0,0,0
243416,243412,4,4,0,0,0,1
246077,246059,18,0,18,0,1,2
248144,248144,0,0,0,0,0,0
247607,247606,1,0,1,0,1,1
244312,244304,8,0,8,0,2,2
245153,245153,0,0,0,0,0,0
251625,251624,1,0,1,0,1,1
251806,251805,1,0,1,0,1,1
251396,251389,7,0,7,0,1,2
250245,250245,0,0,0,0,0,0
250494,250494,0,0,0,0,0,0
243367,243340,27,26,1,0,1,4
243322,243322,0,0,0,0,0,0
240309,240291,18,18,0,0,0,2
244203,244203,0,0,0,0,0,0
245754,245735,19,19,0,0,0,2
245035,244966,69,11,58,0,4,5
249563,249563,0,0,0,0,0,0
248517,248517,0,0,0,0,0,0
251865,251860,5,2,3,0,1,2
256759,256759,0,0,0,0,0,0
259193,259193,0,0,0,0,0,0
261841,261831,10,0,10,0,1,2
263528,263519,9,0,9,0,2,2
260588,260588,0,0,0,0,0,0
266047,266047,0,0,0,0,0,0
269711,269697,14,0,14,0,2,2
271663,271662,1,0,1,0,1,1
275554,275554,0,0,0,0,0,0
279827,279819,8,0,8,0,1,1
281752,281752,0,0,0,0,0,0
285214,285214,0,0,0,0,0,0
283832,283832,0,0,0,0,0,0
282570,282561,9,0,9,0,2,2
283838,283838,0,0,0,0,0,0
285675,285675,0,0,0,0,0,0
285656,285651,5,0,5,0,2,2
285812,285812,0,0,0,0,0,0
285669,285630,39,0,39,0,5,5
285670,285670,0,0,0,0,0,0
287623,287623,0,0,0,0,0,0
289889,289850,39,0,39,0,5,7
289007,289006,1,0,1,0,1,1
288861,288852,9,0,9,0,3,3
288441,288298,143,0,143,0,12,17
289552,289511,41,0,41,0,2,3
291650,291567,83,4,79,0,10,12
294480,294477,3,0,3,0,2,2
298762,298762,0,0,0,0,0,0
297154,297152,2,0,2,0,1,1
299115,299115,0,0,0,0,0,0
303709,303708,1,0,1,0,1,1
306416,306416,0,0,0,0,0,0
311975,311955,20,0,20,0,3,3
313713,313713,0,0,0,0,0,0
318315,318277,38,0,38,0,1,2
313962,313859,103,0,103,0,7,12
319421,319421,0,0,0,0,0,0
322495,322495,0,0,0,0,0,0
323800,323800,0,0,0,0,0,0
328823,328815,8,0,8,0,1,2
329899,329896,3,0,3,0,1,1
329395,329382,13,0,13,0,2,3
332891,332883,8,8,0,0,0,2
329400,329400,0,0,0,0,0,0
330490,330490,0,0,0,0,0,0
328688,328688,0,0,0,0,0,0
329671,329671,0,0,0,0,0,0
329367,329367,0,0,0,0,0,0
330576,330576,0,0,0,0,0,0
333947,333943,4,0,4,0,3,3
336794,336573,221,0,221,0,9,14
341159,341159,0,0,0,0,0,0
342572,342568,4,0,4,0,1,1
343210,343207,3,0,3,0,2,2
345714,345677,37,0,37,0,6,6
346205,346200,5,5,0,0,0,1
347053,346956,97,0,97,0,6,7
347089,347089,0,0,0,0,0,0
345533,345533,0,0,0,0,0,0
345032,345032,0,0,0,0,0,0
342950,342949,1,0,1,0,1,1
341452,341450,2,0,2,0,1,1
339470,339466,4,0,4,0,1,1
332323,332323,0,0,0,0,0,0
329874,329874,0,0,0,0,0,0
330753,330742,11,0,11,0,2,3
328226,328203,23,23,0,0,0,2
328265,328235,30,0,30,0,1,1
326146,326090,56,0,56,0,3,6
321207,321196,11,10,1,0,1,3
319337,319337,0,0,0,0,0,0
317869,317867,2,2,0,0,0,1
317200,317200,0,0,0,0,0,0
317592,317557,35,0,35,0,2,2
316374,316373,1,0,1,0,1,1
317767,317765,2,0,2,0,2,2
314018,313998,20,0,20,0,1,1
313497,313463,34,0,34,0,4,5
309745,309745,0,0,0,0,0,0
307482,307482,0,0,0,0,0,0
304895,304895,0,0,0,0,0,0
302026,302024,2,0,2,0,1,1
298492,298492,0,0,0,0,0,0
295879,295879,0,0,0,0,0,0
298234,298234,0,0,0,0,0,0
301029,301006,23,0,23,0,2,4
301200,301200,0,0,0,0,0,0
305736,305735,1,0,1,0,1,1
303585,303557,28,0,28,0,3,3
302585,302585,0,0,0,0,0,0
302534,302534,0,0,0,0,0,0
303665,303664,1,0,1,0,1,1
302254,302251,3,0,2,1,2,2
302388,302388,0,0,0,0,0,0
301285,301285,0,0,0,0,0,0
300141,300137,4,1,0,3,1,2
296501,296501,0,0,0,0,0,0
293688,293688,0,0,0,0,0,0
295710,295710,0,0,0,0,0,0
290140,290140,0,0,0,0,0,0
293297,293297,0,0,0,0,0,0
293296,293294,2,0,2,0,1,1
295443,295424,19,13,6,0,1,3
298099,298099,0,0,0,0,0,0
296888,296886,2,0,2,0,2,2
297471,297453,18,0,18,0,2,2
296770,296745,25,0,25,0,4,5
294398,294398,0,0,0,0,0,0
292176,292160,16,0,16,0,2,4
289776,289776,0,0,0,0,0,0
284711,284704,7,0,7,0,1,2
283459,283455,4,0,4,0,1,1
286527,286522,5,0,5,0,1,1
289597,289596,1,0,1,0,1,1
285091,285090,1,0,1,0,1,1
289707,289704,3,0,3,0,1,1
290210,290209,1,0,1,0,1,1
289571,289307,264,1,263,0,8,14
287950,287914,36,0,36,0,5,6
287144,287144,0,0,0,0,0,0
290976,290972,4,0,4,0,2,2
293258,293258,0,0,0,0,0,0
294002,293822,180,14,166,0,9,14
293707,293186,521,29,492,0,7,21
293673,293445,228,0,228,0,15,18
289983,289978,5,0,5,0,1,1
284343,284342,1,0,1,0,1,1
281937,281929,8,0,8,0,3,3
281680,281678,2,0,2,0,1,1
284021,284007,14,0,14,0,3,3
282765,282762,3,0,2,1,2,2
283029,282971,58,0,58,0,8,10
278902,278817,85,0,85,0,4,6
276113,276098,15,0,15,0,2,4
276848,276848,0,0,0,0,0,0
279120,279120,0,0,0,0,0,0
279122,279007,115,0,115,0,8,12
280799,280799,0,0,0,0,0,0
279786,279723,63,0,63,0,5,8
274440,274435,5,0,5,0,3,3
274217,274191,26,0,26,0,3,3
270968,270900,68,0,68,0,7,10
276386,276231,155,0,155,0,12,16
278427,278423,4,0,4,0,3,3
275446,275306,140,3,137,0,7,14
276225,276209,16,0,16,0,2,3
275067,275032,35,0,35,0,4,6
277003,276913,90,19,71,0,6,11
275098,275081,17,0,17,0,4,4
275738,275738,0,0,0,0,0,0
275845,275768,77,9,68,0,4,6
274700,274696,4,0,4,0,2,2
272248,272246,2,0,2,0,2,2
273335,273231,104,0,104,0,8,8
271776,271776,0,0,0,0,0,0
267119,267117,2,0,2,0,1,1
263364,263352,12,0,12,0,2,2
259556,259553,3,0,3,0,1,2
257640,257626,14,0,14,0,1,1
256573,256561,12,0,12,0,1,1
256563,256559,4,0,4,0,1,1
257416,257310,106,0,106,0,4,5
257500,257497,3,0,3,0,1,1
256255,256255,0,0,0,0,0,0
253799,253798,1,0,1,0,1,1
252758,252758,0,0,0,0,0,0
255355,255349,6,0,6,0,1,1
256089,256089,0,0,0,0,0,0
256944,256944,0,0,0,0,0,0
255740,255740,0,0,0,0,0,0
256535,256535,0,0,0,0,0,0
255809,255808,1,0,1,0,1,1
258963,258958,5,0,5,0,1,1
260373,260373,0,0,0,0,0,0
262395,262395,0,0,0,0,0,0
261176,261176,0,0,0,0,0,0
258910,258902,8,0,8,0,2,2
260613,260613,0,0,0,0,0,0
263747,263747,0,0,0,0,0,0
262301,262259,42,25,17,0,1,5
262852,262844,8,0,8,0,2,2
262491,262491,0,0,0,0,0,0
261845,261835,10,0,10,0,1,2
262181,262176,5,0,5,0,3,3
262063,262063,0,0,0,0,0,0
263357,263356,1,0,1,0,1,1
262059,262059,0,0,0,0,0,0
261607,261599,8,0,8,0,1,1
258662,258662,0,0,0,0,0,0
258245,258245,0,0,0,0,0,0
257478,257478,0,0,0,0,0,0
259107,259107,0,0,0,0,0,0
260126,260126,0,0,0,0,0,0
255596,255596,0,0,0,0,0,0
254690,254681,9,0,9,0,1,3
253435,253412,23,0,23,0,2,2
253762,253744,18,0,18,0,2,3
252906,252903,3,0,3,0,1,1
253746,253746,0,0,0,0,0,0
258720,258709,11,0,11,0,4,4
252919,252885,34,0,34,0,5,6
252776,252759,17,0,17,0,5,5
252219,252217,2,0,2,0,1,1
257121,257118,3,0,3,0,1,2
259739,259738,1,0,1,0,1,1
258745,258732,13,0,13,0,2,4
262090,262085,5,0,5,0,2,2
265038,265038,0,0,0,0,0,0
263731,263731,0,0,0,0,0,0
264371,264362,9,0,9,0,3,4
266671,266637,34,0,34,0,8,9
269325,269322,3,0,3,0,1,1
265784,265784,0,0,0,0,0,0
266494,266494,0,0,0,0,0,0
266281,266281,0,0,0,0,0,0
270398,270379,19,0,19,0,4,7
271728,271728,0,0,0,0,0,0
272739,272678,61,43,18,0,2,4
276565,276503,62,0,62,0,1,2
276786,276785,1,0,1,0,1,1
277624,277617,7,0,7,0,3,3
278514,278514,0,0,0,0,0,0
278637,278637,0,0,0,0,0,0
277670,277650,20,0,20,0,1,4
276842,276842,0,0,0,0,0,0
281517,281464,53,0,53,0,2,5
281280,281279,1,0,1,0,1,1
281624,281566,58,0,58,0,2,3
280013,280013,0,0,0,0,0,0
279982,279982,0,0,0,0,0,0
279597,279597,0,0,0,0,0,0
279285,279187,98,0,98,0,4,7
280835,280770,65,0,65,0,2,4
283074,283074,0,0,0,0,0,0
280371,280371,0,0,0,0,0,0
278139,278137,2,0,2,0,1,1
274888,274888,0,0,0,0,0,0
274424,274424,0,0,0,0,0,0
273873,273869,4,4,0,0,0,1
276921,276879,42,42,0,0,0,1
273636,273636,0,0,0,0,0,0
272520,272376,144,0,144,0,9,14
268413,268255,158,0,158,0,4,8
269017,269017,0,0,0,0,0,0
271187,271186,1,0,1,0,1,1
271722,271721,1,0,1,0,1,1
272462,272462,0,0,0,0,0,0
277309,277292,17,0,17,0,2,3
272847,272846,1,0,1,0,1,1
272452,272404,48,0,48,0,7,9
274743,274742,1,0,1,0,1,1
275510,275510,0,0,0,0,0,0
276483,276483,0,0,0,0,0,0
275823,275811,12,12,0,0,0,1
275184,275166,18,0,18,0,3,3
279162,279162,0,0,0,0,0,0
277441,277441,0,0,0,0,0,0
276065,276063,2,0,2,0,1,1
278873,278873,0,0,0,0,0,0
279055,279055,0,0,0,0,0,0
276707,276707,0,0,0,0,0,0
278502,278502,0,0,0,0,0,0
279285,279285,0,0,0,0,0,0
279380,279380,0,0,0,0,0,0
281524,281524,0,0,0,0,0,0
283809,283809,0,0,0,0,0,0
287084,287077,7,7,0,0,0,2
291005,291005,0,0,0,0,0,0
290157,290146,11,0,11,0,1,1
290774,290774,0,0,0,0,0,0
290514,290514,0,0,0,0,0,0
292789,292789,0,0,0,0,0,0
294078,294077,1,0,1,0,1,1
293539,293538,1,0,1,0,1,1
290975,290975,0,0,0,0,0,0
289190,289185,5,0,5,0,2,2
289763,289738,25,0,25,0,3,5
287519,287510,9,0,9,0,1,1
287561,287455,106,16,90,0,7,9
280208,280201,7,0,7,0,2,2
285969,285969,0,0,0,0,0,0
287335,287335,0,0,0,0,0,0
290295,290289,6,0,6,0,4,4
290580,290543,37,0,37,0,5,7
289192,289100,92,0,92,0,8,10
287771,287771,0,0,0,0,0,0
287606,287606,0,0,0,0,0,0
286070,286067,3,0,3,0,1,1
286769,286769,0,0,0,0,0,0
285751,285751,0,0,0,0,0,0
287610,287610,0,0,0,0,0,0
287588,287588,0,0,0,0,0,0
285678,285673,5,0,5,0,1,1
289117,289116,1,0,1,0,1,1
287670,287663,7,7,0,0,0,1
293595,293594,1,0,1,0,1,1
292859,292852,7,0,7,0,1,2
295169,295169,0,0,0,0,0,0
297080,297075,5,0,5,0,2,2
294930,294826,104,0,104,0,6,9
295317,295317,0,0,0,0,0,0
296693,296613,80,0,80,0,5,5
294909,294715,194,0,194,0,15,27
299746,299719,27,0,27,0,4,5
296365,296354,11,0,11,0,3,3
296177,296174,3,0,3,0,3,3
296357,296260,97,0,97,0,6,8
298746,298736,10,0,10,0,3,3
301384,301383,1,0,1,0,1,1
300579,300577,2,0,2,0,2,2
304534,304530,4,0,4,0,3,3
304839,304837,2,0,2,0,1,1
306778,306615,163,0,163,0,6,10
308549,308524,25,0,25,0,1,2
306599,306585,14,0,14,0,3,3
308715,308714,1,0,1,0,1,1
311800,311796,4,0,4,0,2,2
309814,309811,3,1,2,0,1,2
306623,306604,19,0,19,0,4,4
306055,306008,47,0,47,0,3,6
308142,308126,16,0,16,0,2,3
309148,309035,113,0,113,0,5,11
311751,311714,37,0,37,0,2,4
312378,312355,23,0,23,0,3,4
314081,314056,25,0,25,0,7,7
310626,310626,0,0,0,0,0,0
312308,312308,0,0,0,0,0,0
311651,311650,1,0,1,0,1,1
314123,314105,18,0,18,0,4,4
312094,312079,15,0,15,0,6,6
309119,309114,5,0,5,0,1,1
308835,308832,3,0,3,0,1,1
310723,310720,3,0,3,0,1,1
313530,313530,0,0,0,0,0,0
311151,311103,48,0,48,0,8,10
310154,310124,30,11,19,0,5,7
309746,309678,68,7,61,0,7,13
305915,305891,24,0,24,0,2,2
306459,306458,1,0,1,0,1,1
307389,307291,98,17,81,0,8,12
301410,301407,3,0,3,0,1,1
297040,297035,5,0,5,0,1,1
290351,290351,0,0,0,0,0,0
289962,289953,9,0,9,0,3,3
289744,289744,0,0,0,0,0,0
288806,288806,0,0,0,0,0,0
290356,290309,47,0,47,0,2,4
291412,291403,9,0,9,0,1,1
293616,293612,4,0,4,0,2,2
294781,294779,2,0,2,0,1,1
292255,292255,0,0,0,0,0,0
290404,290401,3,0,3,0,2,2
288087,288087,0,0,0,0,0,0
288681,288680,1,0,1,0,1,1
287329,287329,0,0,0,0,0,0
288854,288854,0,0,0,0,0,0
285357,285357,0,0,0,0,0,0
287663,287663,0,0,0,0,0,0
284621,284615,6,0,6,0,3,4
285037,285037,0,0,0,0,0,0
284168,284168,0,0,0,0,0,0
283209,283209,0,0,0,0,0,0
285218,285217,1,0,1,0,1,1
281519,281519,0,0,0,0,0,0
282184,282181,3,0,3,0,2,2
278420,278418,2,0,2,0,1,1
276924,276907,17,2,15,0,2,3
274193,274159,34,0,34,0,2,4
274917,274917,0,0,0,0,0,0
275411,275381,30,0,30,0,2,5
277803,277803,0,0,0,0,0,0
275934,275928,6,0,6,0,1,1
274209,274209,0,0,0,0,0,0
272713,272713,0,0,0,0,0,0
273146,273142,4,0,4,0,2,2
274160,274153,7,7,0,0,0,2
274908,274899,9,0,9,0,2,3
275445,275445,0,0,0,0,0,0
273386,273386,0,0,0,0,0,0
270839,270839,0,0,0,0,0,0
267682,267682,0,0,0,0,0,0
269498,269498,0,0,0,0,0,0
269469,269465,4,0,4,0,1,2
272223,272223,0,0,0,0,0,0
278105,278054,51,0,51,0,6,7
273455,273455,0,0,0,0,0,0
270365,270260,105,0,105,0,10,14
268521,268476,45,0,45,0,7,8
270600,270598,2,2,0,0,0,1
273854,273835,19,0,19,0,2,3
272909,272909,0,0,0,0,0,0
275302,275301,1,0,1,0,1,1
278597,278597,0,0,0,0,0,0
275692,275692,0,0,0,0,0,0
275717,275714,3,0,3,0,1,1
275546,275546,0,0,0,0,0,0
275746,275743,3,0,3,0,2,2
272658,272646,12,0,12,0,2,4
271337,271330,7,0,7,0,2,2
270768,270765,3,0,3,0,1,1
269343,269343,0,0,0,0,0,0
269641,269641,0,0,0,0,0,0
269442,269442,0,0,0,0,0,0
268231,268231,0,0,0,0,0,0
265849,265849,0,0,0,0,0,0
266776,266773,3,2,1,0,1,2
265788,265738,50,49,1,0,1,4
266491,266383,108,0,108,0,2,5
269346,269343,3,0,3,0,1,1
269055,269045,10,0,10,0,1,1
268482,268463,19,0,19,0,6,6
263901,263885,16,0,16,0,2,2
264627,264627,0,0,0,0,0,0
264442,264440,2,0,2,0,1,1
264326,264326,0,0,0,0,0,0
264980,264969,11,11,0,0,0,3
268465,268465,0,0,0,0,0,0
269519,269519,0,0,0,0,0,0
266015,266015,0,0,0,0,0,0
264090,264089,1,0,1,0,1,1
266966,266966,0,0,0,0,0,0
262862,262862,0,0,0,0,0,0
263781,263766,15,0,15,0,1,3
262438,262349,89,0,89,0,9,11
261233,261093,140,10,130,0,11,14
260191,260191,0,0,0,0,0,0
261402,261378,24,0,24,0,8,9
259733,259733,0,0,0,0,0,0
256028,256014,14,0,14,0,2,2
250800,250734,66,0,66,0,3,4
249356,249356,0,0,0,0,0,0
249964,249964,0,0,0,0,0,0
251347,251320,27,0,27,0,4,4
251553,251549,4,0,4,0,1,1
252518,252518,0,0,0,0,0,0
251780,251752,28,0,28,0,3,4
250675,250670,5,0,5,0,1,1
252299,252299,0,0,0,0,0,0
252524,252521,3,0,3,0,1,1
250367,250367,0,0,0,0,0,0
252248,252247,1,0,1,0,1,1
248240,248238,2,0,2,0,1,1
252840,252840,0,0,0,0,0,0
253424,253400,24,0,24,0,3,3
255705,255705,0,0,0,0,0,0
255311,255297,14,0,14,0,2,2
255648,255572,76,0,76,0,5,8
254021,253947,74,0,74,0,4,5
255485,255442,43,0,43,0,5,5
257736,257554,182,36,146,0,2,4
258996,258945,51,8,42,1,5,8
260272,260246,26,0,26,0,4,4
262524,262401,123,0,123,0,7,12
262338,262314,24,0,24,0,2,4
263012,262999,13,0,13,0,1,2
263223,263214,9,0,9,0,2,2
264457,264418,39,0,39,0,3,3
264283,264275,8,0,8,0,1,2
264627,264623,4,3,1,0,1,2
263421,263405,16,0,16,0,2,2
260784,260782,2,0,0,2,1,1
258408,258406,2,0,2,0,1,1
258607,258607,0,0,0,0,0,0
258126,258126,0,0,0,0,0,0
256249,256246,3,3,0,0,0,1
255005,255004,1,0,1,0,1,1
254973,254957,16,16,0,0,0,2
253711,253711,0,0,0,0,0,0
255805,255805,0,0,0,0,0,0
253120,253120,0,0,0,0,0,0
252494,252494,0,0,0,0,0,0
252763,252759,4,0,4,0,1,1
252027,252023,4,0,4,0,2,2
254945,254943,2,0,2,0,1,1
255972,255925,47,0,47,0,6,7
259335,259202,133,12,121,0,10,15
260193,260193,0,0,0,0,0,0
257516,256769,747,0,747,0,15,30
256586,256401,185,0,185,0,9,15
255516,255513,3,0,3,0,2,2
255927,255921,6,0,6,0,1,2
254838,254836,2,0,2,0,1,1
257225,257225,0,0,0,0,0,0
254798,254736,62,0,62,0,10,13
254053,253799,254,0,254,0,10,18
262553,262525,28,0,28,0,3,5
262773,262526,247,0,247,0,9,15
264592,264382,210,0,210,0,13,19
265174,265138,36,0,36,0,4,4
265994,265914,80,0,80,0,4,7
264427,264230,197,0,197,0,9,14
262958,262756,202,0,202,0,9,12
259954,259908,46,0,46,0,8,9
264097,264025,72,0,72,0,2,7
263473,263385,88,0,88,0,8,15
263616,263610,6,0,6,0,2,2
266480,266465,15,0,15,0,3,4
265856,265850,6,0,6,0,1,2
265961,265959,2,0,2,0,1,1
264566,264488,78,0,78,0,8,10
263982,263935,47,0,47,0,9,11
263530,263458,72,0,72,0,8,9
265989,265979,10,0,10,0,2,2
267344,267304,40,0,40,0,4,7
265912,265795,117,0,117,0,9,13
266154,266153,1,0,1,0,1,1
268853,268570,283,0,283,0,5,9
270946,270889,57,0,56,1,6,7
274708,274615,93,0,93,0,9,12
275881,275881,0,0,0,0,0,0
278268,278268,0,0,0,0,0,0
278983,278970,13,0,13,0,2,3
277358,277357,1,1,0,0,0,1
278838,278838,0,0,0,0,0,0
280135,280135,0,0,0,0,0,0
278073,278036,37,0,37,0,2,2
280804,280804,0,0,0,0,0,0
282778,282777,1,0,0,1,1,1
284267,284266,1,0,1,0,1,1
284808,284808,0,0,0,0,0,0
287401,287401,0,0,0,0,0,0
287680,287652,28,2,26,0,1,2
286190,286190,0,0,0,0,0,0
285660,285660,0,0,0,0,0,0
284749,284739,10,0,10,0,2,2
284412,284412,0,0,0,0,0,0
285785,285784,1,0,1,0,1,1
284100,284098,2,0,2,0,2,2
283391,283374,17,0,17,0,2,3
284089,284070,19,0,19,0,2,3
279773,279773,0,0,0,0,0,0
277154,277154,0,0,0,0,0,0
275562,275560,2,2,0,0,0,1
276415,276387,28,0,28,0,8,8
278954,278947,7,0,7,0,2,2
277213,277140,73,0,73,0,5,9
276490,276490,0,0,0,0,0,0
275239,275230,9,0,9,0,3,3
271271,271271,0,0,0,0,0,0
274210,274179,31,0,31,0,4,5
271946,271941,5,5,0,0,0,1
272818,272778,40,16,24,0,3,5
272113,272113,0,0,0,0,0,0
272815,272806,9,4,5,0,2,3
275908,275899,9,0,9,0,2,2
273735,273714,21,0,21,0,3,4
273287,273285,2,0,2,0,1,1
271409,271409,0,0,0,0,0,0
272371,272371,0,0,0,0,0,0
268977,268949,28,23,5,0,2,3
271455,271454,1,0,1,0,1,1
271062,271022,40,39,1,0,1,3
269463,269453,10,9,1,0,1,2
269522,269522,0,0,0,0,0,0
263497,263497,0,0,0,0,0,0
265749,265747,2,0,2,0,1,1
264810,264809,1,0,1,0,1,1
263906,263906,0,0,0,0,0,0
263406,263385,21,0,21,0,4,5
264896,264883,13,0,13,0,5,6
263776,263775,1,0,1,0,1,1
260358,259840,518,0,518,0,15,29
260678,260674,4,0,4,0,1,1
259217,259057,160,0,160,0,9,16
257628,257620,8,0,8,0,1,1
257371,257338,33,0,33,0,3,4
258490,258364,126,0,126,0,8,12
260960,260952,8,2,6,0,2,3
259790,259789,1,0,1,0,1,1
259067,259067,0,0,0,0,0,0
264122,264122,0,0,0,0,0,0
265144,265144,0,0,0,0,0,0
263499,263439,60,0,60,0,6,8
263702,263692,10,8,2,0,1,2
266367,266358,9,0,9,0,1,2
264951,264854,97,0,97,0,3,5
264802,264802,0,0,0,0,0,0
264590,264546,44,0,44,0,2,4
262741,262741,0,0,0,0,0,0
260466,260435,31,0,31,0,2,4
259347,259347,0,0,0,0,0,0
261490,261490,0,0,0,0,0,0
259679,259679,0,0,0,0,0,0
260136,260118,18,18,0,0,0,2
259923,259923,0,0,0,0,0,0
254618,254591,27,11,16,0,2,3
258402,258402,0,0,0,0,0,0
255623,255623,0,0,0,0,0,0
257344,257344,0,0,0,0,0,0
259643,259642,1,0,1,0,1,1
254467,254467,0,0,0,0,0,0
254810,254802,8,0,8,0,1,1
251907,251907,0,0,0,0,0,0
252746,252746,0,0,0,0,0,0
250273,250271,2,0,2,0,1,1
252403,252403,0,0,0,0,0,0
251902,251901,1,0,1,0,1,1
251392,251391,1,0,1,0,1,1
255111,255111,0,0,0,0,0,0
259603,259603,0,0,0,0,0,0
259652,259652,0,0,0,0,0,0
262993,262989,4,0,4,0,1,1
263924,263914,10,0,10,0,3,3
260323,260300,23,23,0,0,0,1
260129,260086,43,0,43,0,5,6
257978,257936,42,0,42,0,6,10
259394,259344,50,0,50,0,5,7
261005,260879,126,0,126,0,10,13
261380,261359,21,0,21,0,3,4
265094,264963,131,0,131,0,8,14
267093,267038,55,0,55,0,9,11
267426,267216,210,0,210,0,8,16
270373,270331,42,0,42,0,11,12
271131,271086,45,0,45,0,6,8
272732,272719,13,0,13,0,3,4
270985,270863,122,0,122,0,8,13
271512,271444,68,0,68,0,4,5
275534,275511,23,0,23,0,6,7
275010,274998,12,10,2,0,1,2
274611,274611,0,0,0,0,0,0
276395,276395,0,0,0,0,0,0
274889,274889,0,0,0,0,0,0
275879,275879,0,0,0,0,0,0
277039,277038,1,0,1,0,1,1
279805,279802,3,0,3,0,1,1
278209,278208,1,0,1,0,1,1
276673,276673,0,0,0,0,0,0
271354,271354,0,0,0,0,0,0
269520,269520,0,0,0,0,0,0
269480,269480,0,0,0,0,0,0
271479,271479,0,0,0,0,0,0
274037,274030,7,0,7,0,1,1
271946,271946,0,0,0,0,0,0
272633,272614,19,0,19,0,4,5
270235,269835,400,0,400,0,10,21
270580,270509,71,0,71,0,8,11
272714,272701,13,0,13,0,2,2
270611,270596,15,5,10,0,3,5
271522,271522,0,0,0,0,0,0
271683,271678,5,0,5,0,1,1
268139,268139,0,0,0,0,0,0
268164,268163,1,0,1,0,1,1
269205,269205,0,0,0,0,0,0
267861,267838,23,22,0,1,1,3
266930,266930,0,0,0,0,0,0
265653,265653,0,0,0,0,0,0
263276,263276,0,0,0,0,0,0
258547,258547,0,0,0,0,0,0
256092,256068,24,0,24,0,1,1
253467,253467,0,0,0,0,0,0
249619,249618,1,0,1,0,1,1
245633,245596,37,0,37,0,5,7
245405,245403,2,0,2,0,1,1
240362,240351,11,0,11,0,3,5
236402,236353,49,0,49,0,5,7
236440,236440,0,0,0,0,0,0
239637,239634,3,0,3,0,2,2
237183,237181,2,0,2,0,1,2
236684,236665,19,19,0,0,0,1
239145,239145,0,0,0,0,0,0
236198,236195,3,3,0,0,0,1
231975,231963,12,0,12,0,1,1
231267,231266,1,0,1,0,1,1
230146,230146,0,0,0,0,0,0
229435,229435,0,0,0,0,0,0
227909,227899,10,10,0,0,0,1
227097,227092,5,0,5,0,1,1
223163,223163,0,0,0,0,0,0
221752,221752,0,0,0,0,0,0
220384,220384,0,0,0,0,0,0
219108,219107,1,0,1,0,1,1
215875,215873,2,0,2,0,1,1
216239,216230,9,0,9,0,2,3
215236,215236,0,0,0,0,0,0
214354,214354,0,0,0,0,0,0
209138,209138,0,0,0,0,0,0
209057,209057,0,0,0,0,0,0
204291,204291,0,0,0,0,0,0
204190,204134,56,0,56,0,6,7
203698,203675,23,0,23,0,4,4
202510,202510,0,0,0,0,0,0
200479,200388,91,34,57,0,10,17
196982,196969,13,7,6,0,1,3
194695,194588,107,0,107,0,10,11
194595,194590,5,0,5,0,1,1
195795,195758,37,0,37,0,6,10
200950,200949,1,0,1,0,1,1
203859,203859,0,0,0,0,0,0
207152,207011,141,0,141,0,9,17
208671,208670,1,0,1,0,1,1
214051,214044,7,0,7,0,1,2
215862,215849,13,9,4,0,2,3
220838,220837,1,0,1,0,1,1
227671,227607,64,0,64,0,6,8
230804,230802,2,0,2,0,1,1
236600,236599,1,0,1,0,1,1
244165,244153,12,0,12,0,1,2
251544,251533,11,0,11,0,2,2
256973,256972,1,0,1,0,1,1
254975,254969,6,0,6,0,3,3
256393,256384,9,9,0,0,0,2
265978,265976,2,0,2,0,1,1
269427,269417,10,0,10,0,2,2
274440,274429,11,0,11,0,1,1
282166,282123,43,0,43,0,5,7
284515,284499,16,0,16,0,2,2
288157,288129,28,7,21,0,2,5
305244,305231,13,0,13,0,2,4
313899,313862,37,0,37,0,3,3
329490,329482,8,0,8,0,6,6
338886,338885,1,0,1,0,1,1
351522,351277,245,0,245,0,15,28
357660,357655,5,2,3,0,1,2
368634,368536,98,0,98,0,11,14
377948,377938,10,0,10,0,2,2
396121,396119,2,0,2,0,2,2
406143,406135,8,0,8,0,1,3
413895,413895,0,0,0,0,0,0
416435,416431,4,0,3,1,2,2
430398,430398,0,0,0,0,0,0
434918,434917,1,0,1,0,1,1
446308,446308,0,0,0,0,0,0
453230,453229,1,0,1,0,1,1
468451,468413,38,0,38,0,4,4
474145,474040,105,0,105,0,4,10
478567,478551,16,0,16,0,2,2
480510,480510,0,0,0,0,0,0
481720,481705,15,0,15,0,1,2
490991,490989,2,0,2,0,2,2
489933,489933,0,0,0,0,0,0
492010,492008,2,0,2,0,2,2
489378,489359,19,0,19,0,1,1
485946,485946,0,0,0,0,0,0
489224,489222,2,2,0,0,0,1
483374,483309,65,0,65,0,2,5
480515,480345,170,0,170,0,10,12
589535,589535,0,0,0,0,0,0
596765,596557,208,0,208,0,7,10
592608,591844,764,0,764,0,8,15
593386,593337,49,0,49,0,4,4
601126,599619,1507,0,1507,0,7,15
607294,607188,106,0,106,0,4,7
603618,603455,163,0,163,0,8,13
603460,603457,3,0,3,0,1,1
593246,593245,1,0,1,0,1,1
605040,604859,181,0,181,0,8,8
612517,612444,73,0,73,0,2,3
607174,606897,277,15,262,0,9,15
608714,608388,326,0,326,0,9,13
604903,604896,7,0,7,0,1,1
609984,609927,57,0,57,0,2,3
602466,602052,414,0,414,0,15,23
610006,609847,159,0,159,0,10,15
609050,609030,20,20,0,0,0,1
611439,610893,546,0,546,0,9,14
610672,610569,103,6,97,0,7,9
616746,616689,57,0,57,0,2,4
617599,617261,338,0,338,0,8,18
613827,613439,388,0,388,0,14,27
610082,609862,220,0,220,0,9,14
619191,618954,237,0,237,0,11,15
614381,614364,17,0,17,0,2,3
618148,618084,64,0,64,0,7,9
