coverage,wt.counts,mut.count,s.count,ns.count,stp.count,aa.sampled,codons.sampled
496253,496253,0,0,0,0,0,0
500177,500177,0,0,0,0,0,0
501323,501303,20,0,20,0,1,1
492273,492260,13,0,13,0,4,4
483262,483175,87,0,87,0,4,5
497320,497243,77,10,67,0,3,5
498018,497816,202,0,202,0,9,11
494751,494750,1,0,1,0,1,1
494234,494177,57,0,57,0,4,5
500694,500643,51,0,51,0,2,3
500684,500684,0,0,0,0,0,0
499943,499899,44,0,44,0,2,2
492912,492912,0,0,0,0,0,0
493740,493724,16,0,16,0,1,1
490159,490001,158,0,158,0,5,7
474527,473956,571,25,546,0,9,20
483809,483740,69,0,69,0,4,4
372974,372531,443,0,443,0,10,12
384908,384750,158,0,158,0,4,8
372648,372456,192,12,180,0,9,14
383729,383371,358,0,358,0,9,11
379981,379881,100,0,100,0,4,7
382123,382118,5,0,5,0,1,1
382824,382655,169,0,169,0,8,11
383653,383605,48,0,48,0,2,2
390597,390329,268,0,268,0,9,14
387453,387453,0,0,0,0,0,0
383323,383186,137,0,137,0,7,8
377796,377756,40,0,40,0,2,3
369725,369683,42,0,42,0,3,4
363648,363646,2,0,2,0,1,1
351296,351296,0,0,0,0,0,0
344100,344100,0,0,0,0,0,0
342545,342545,0,0,0,0,0,0
337160,337160,0,0,0,0,0,0
335350,335348,2,0,2,0,2,2
331226,331226,0,0,0,0,0,0
332313,332313,0,0,0,0,0,0
327626,327625,1,0,1,0,1,1
323225,323208,17,4,13,0,2,4
316721,316709,12,0,12,0,3,3
314109,314106,3,0,3,0,1,1
307898,307898,0,0,0,0,0,0
307565,307565,0,0,0,0,0,0
302018,301960,58,0,58,0,1,2
297989,297957,32,0,32,0,3,4
287542,287330,212,0,212,0,10,14
281830,281716,114,0,114,0,4,9
276986,276985,1,0,1,0,1,1
268630,268627,3,0,3,0,1,1
260690,260669,21,0,21,0,3,3
260904,260882,22,0,22,0,4,5
252511,252510,1,0,1,0,1,1
242921,242891,30,0,30,0,4,5
238909,238887,22,0,22,0,3,4
236304,236303,1,0,1,0,1,1
231810,231791,19,0,19,0,3,3
227815,227777,38,0,38,0,2,3
224737,224737,0,0,0,0,0,0
223847,223772,75,0,75,0,3,4
219463,219463,0,0,0,0,0,0
217552,217455,97,0,97,0,5,7
212040,212040,0,0,0,0,0,0
209353,209347,6,0,6,0,1,1
202243,202187,56,0,56,0,6,8
200552,200552,0,0,0,0,0,0
202927,202926,1,0,1,0,1,1
200813,200776,37,37,0,0,0,1
203396,203371,25,0,25,0,2,3
204824,204809,15,15,0,0,0,2
204240,204240,0,0,0,0,0,0
201832,201832,0,0,0,0,0,0
202748,202748,0,0,0,0,0,0
206615,206615,0,0,0,0,0,0
206670,206670,0,0,0,0,0,0
206292,206287,5,0,5,0,1,2
205328,205328,0,0,0,0,0,0
205533,205533,0,0,0,0,0,0
199668,199624,44,44,0,0,0,4
199146,199146,0,0,0,0,0,0
196766,196741,25,25,0,0,0,2
199770,199770,0,0,0,0,0,0
200873,200866,7,7,0,0,0,1
199884,199807,77,12,65,0,4,5
203709,203709,0,0,0,0,0,0
202830,202830,0,0,0,0,0,0
205327,205323,4,2,2,0,1,2
209413,209413,0,0,0,0,0,0
211746,211746,0,0,0,0,0,0
213722,213701,21,18,3,0,2,4
215173,215173,0,0,0,0,0,0
212272,212272,0,0,0,0,0,0
217103,217103,0,0,0,0,0,0
219894,219894,0,0,0,0,0,0
221490,221490,0,0,0,0,0,0
224884,224884,0,0,0,0,0,0
228645,228644,1,0,1,0,1,1
230283,230283,0,0,0,0,0,0
233215,233215,0,0,0,0,0,0
232886,232886,0,0,0,0,0,0
231360,231354,6,0,6,0,1,1
232527,232527,0,0,0,0,0,0
234071,234067,4,0,4,0,1,1
234394,234394,0,0,0,0,0,0
234298,234295,3,0,3,0,1,1
234131,234101,30,0,30,0,4,5
234031,234031,0,0,0,0,0,0
235646,235645,1,0,1,0,1,1
237576,237565,11,0,11,0,5,5
237059,237059,0,0,0,0,0,0
237164,237162,2,0,2,0,1,1
236846,236566,280,0,280,0,13,22
238054,238036,18,0,18,0,2,5
239721,239665,56,14,42,0,6,8
241305,241305,0,0,0,0,0,0
245151,245151,0,0,0,0,0,0
243953,243951,2,0,2,0,1,2
245294,245293,1,0,1,0,1,1
249327,249326,1,0,1,0,1,1
251206,251206,0,0,0,0,0,0
256114,256114,0,0,0,0,0,0
257306,257306,0,0,0,0,0,0
261404,261402,2,0,2,0,1,1
258163,258105,58,0,58,0,6,9
262717,262717,0,0,0,0,0,0
264865,264865,0,0,0,0,0,0
266277,266277,0,0,0,0,0,0
270005,269963,42,0,42,0,4,7
271152,271133,19,0,19,0,1,1
270748,270692,56,0,56,0,2,2
273459,273442,17,17,0,0,0,1
270762,270762,0,0,0,0,0,0
271546,271546,0,0,0,0,0,0
270160,270160,0,0,0,0,0,0
270780,270771,9,7,2,0,1,2
270239,270236,3,0,3,0,2,2
271111,271109,2,0,2,0,2,2
273899,273894,5,0,5,0,1,1
276638,276411,227,0,227,0,9,12
280123,280122,1,0,1,0,1,1
280927,280927,0,0,0,0,0,0
281834,281834,0,0,0,0,0,0
284051,284036,15,0,15,0,4,4
284244,284244,0,0,0,0,0,0
285074,285030,44,0,44,0,5,7
285053,285053,0,0,0,0,0,0
283914,283914,0,0,0,0,0,0
283145,283145,0,0,0,0,0,0
281339,281339,0,0,0,0,0,0
279932,279929,3,0,3,0,1,1
278351,278331,20,0,20,0,2,2
272321,272321,0,0,0,0,0,0
270228,270228,0,0,0,0,0,0
271288,271281,7,0,7,0,2,3
269298,269271,27,25,2,0,1,2
268961,268956,5,0,5,0,2,3
267547,267519,28,0,28,0,4,6
263781,263769,12,11,1,0,1,2
261825,261825,0,0,0,0,0,0
260329,260329,0,0,0,0,0,0
259933,259933,0,0,0,0,0,0
259860,259797,63,0,63,0,3,3
258835,258831,4,0,4,0,1,1
259867,259867,0,0,0,0,0,0
257140,257140,0,0,0,0,0,0
256471,256403,68,0,68,0,5,11
253657,253657,0,0,0,0,0,0
251718,251718,0,0,0,0,0,0
249594,249594,0,0,0,0,0,0
247480,247479,1,1,0,0,0,1
244279,244279,0,0,0,0,0,0
242270,242224,46,45,1,0,1,2
244193,244180,13,0,13,0,1,1
246496,246470,26,0,26,0,2,3
246934,246934,0,0,0,0,0,0
250904,250904,0,0,0,0,0,0
249569,249479,90,0,90,0,4,4
249156,249156,0,0,0,0,0,0
249003,248996,7,0,7,0,1,1
250022,250022,0,0,0,0,0,0
248774,248744,30,0,30,0,1,2
249132,249132,0,0,0,0,0,0
247892,247892,0,0,0,0,0,0
247084,247084,0,0,0,0,0,0
244204,244198,6,0,6,0,2,2
242497,242497,0,0,0,0,0,0
243823,243823,0,0,0,0,0,0
239384,239384,0,0,0,0,0,0
241943,241943,0,0,0,0,0,0
242070,242049,21,0,21,0,2,3
244137,244101,36,12,24,0,2,4
246696,246696,0,0,0,0,0,0
245313,245309,4,0,4,0,2,2
245575,245564,11,0,11,0,4,5
245057,245022,35,0,35,0,2,4
243382,243382,0,0,0,0,0,0
241757,241754,3,0,3,0,2,2
240068,240067,1,0,1,0,1,1
235673,235669,4,0,4,0,1,1
234835,234835,0,0,0,0,0,0
237471,237470,1,0,1,0,1,1
240351,240351,0,0,0,0,0,0
237097,237096,1,0,1,0,1,1
241170,241166,4,0,4,0,1,1
241847,241843,4,0,4,0,2,2
241023,239774,1249,0,1249,0,9,16
239418,239286,132,0,132,0,4,8
239368,239368,0,0,0,0,0,0
242485,242391,94,0,94,0,7,8
244427,244427,0,0,0,0,0,0
245232,244810,422,30,392,0,10,20
244890,244510,380,51,329,0,12,22
244629,244418,211,0,211,0,14,18
242005,242003,2,0,2,0,1,1
237196,237195,1,1,0,0,0,1
235221,235213,8,0,8,0,2,2
234896,234884,12,0,12,0,1,2
236932,236930,2,0,2,0,1,1
235967,235967,0,0,0,0,0,0
236291,236126,165,12,153,0,10,16
233085,232921,164,0,164,0,4,6
231303,231259,44,0,44,0,3,5
231594,231594,0,0,0,0,0,0
233894,233894,0,0,0,0,0,0
233737,233637,100,0,100,0,8,12
234931,234931,0,0,0,0,0,0
234687,234517,170,0,170,0,7,9
229229,229229,0,0,0,0,0,0
229387,229377,10,0,10,0,3,3
226715,226635,80,0,80,0,7,7
231236,231093,143,0,143,0,9,14
233127,233127,0,0,0,0,0,0
230946,230693,253,0,253,0,8,13
231408,231402,6,0,6,0,2,3
230600,230546,54,0,54,0,8,11
232611,232530,81,2,79,0,7,13
230759,230754,5,0,5,0,2,2
231130,231130,0,0,0,0,0,0
231175,231164,11,11,0,0,0,1
230620,230602,18,0,18,0,3,3
228686,228686,0,0,0,0,0,0
229779,229715,64,0,64,0,6,9
228731,228726,5,0,5,0,2,2
224496,224484,12,0,12,0,1,1
221808,221805,3,0,3,0,1,1
218407,218404,3,0,3,0,1,2
217119,217119,0,0,0,0,0,0
216235,216235,0,0,0,0,0,0
216061,216054,7,0,7,0,2,2
216790,216706,84,0,84,0,5,10
217012,217010,2,0,2,0,1,1
216121,216121,0,0,0,0,0,0
213820,213820,0,0,0,0,0,0
213006,212992,14,0,14,0,2,2
215131,215124,7,0,7,0,1,2
215593,215593,0,0,0,0,0,0
216006,216006,0,0,0,0,0,0
215081,215081,0,0,0,0,0,0
215880,215880,0,0,0,0,0,0
215131,215131,0,0,0,0,0,0
217611,217591,20,0,20,0,2,3
218530,218530,0,0,0,0,0,0
219817,219817,0,0,0,0,0,0
218988,218988,0,0,0,0,0,0
217119,217104,15,0,15,0,1,1
218418,218418,0,0,0,0,0,0
221048,221048,0,0,0,0,0,0
219880,219763,117,100,17,0,2,5
220046,220036,10,0,10,0,1,1
219612,219604,8,0,8,0,1,2
219082,219080,2,0,2,0,1,1
219161,219160,1,0,1,0,1,1
218923,218918,5,0,5,0,1,1
219982,219982,0,0,0,0,0,0
219036,219036,0,0,0,0,0,0
218530,218524,6,0,6,0,2,2
215995,215995,0,0,0,0,0,0
215379,215361,18,7,11,0,2,5
214736,214736,0,0,0,0,0,0
215824,215824,0,0,0,0,0,0
216593,216591,2,0,2,0,2,2
213267,213267,0,0,0,0,0,0
212379,212364,15,0,15,0,2,3
211455,211449,6,0,6,0,1,1
212007,211976,31,0,31,0,4,5
211345,211325,20,20,0,0,0,1
212010,212010,0,0,0,0,0,0
215292,215252,40,0,40,0,2,2
210429,210379,50,0,50,0,4,9
210382,210352,30,0,30,0,3,5
209557,209549,8,0,8,0,1,1
213828,213827,1,0,1,0,1,1
215784,215784,0,0,0,0,0,0
214955,214858,97,0,97,0,2,4
217385,217382,3,0,3,0,1,1
219596,219596,0,0,0,0,0,0
218701,218701,0,0,0,0,0,0
219152,219113,39,0,39,0,3,4
220679,220638,41,0,41,0,6,7
223171,223170,1,0,1,0,1,1
219973,219973,0,0,0,0,0,0
220758,220758,0,0,0,0,0,0
220759,220753,6,0,6,0,3,4
223920,223890,30,0,30,0,2,4
224886,224886,0,0,0,0,0,0
225865,225848,17,14,3,0,1,2
228909,228884,25,0,25,0,1,1
229015,229004,11,0,11,0,1,1
229843,229835,8,0,8,0,3,3
230549,230549,0,0,0,0,0,0
230534,230534,0,0,0,0,0,0
230297,230295,2,0,2,0,2,2
228916,228916,0,0,0,0,0,0
232340,232334,6,0,6,0,2,3
232231,232225,6,0,6,0,1,3
232405,232400,5,0,5,0,1,1
230945,230945,0,0,0,0,0,0
230320,230320,0,0,0,0,0,0
230015,230015,0,0,0,0,0,0
229794,229701,93,0,93,0,7,11
230971,230865,106,0,106,0,2,4
232867,232867,0,0,0,0,0,0
230838,230838,0,0,0,0,0,0
228997,228991,6,0,6,0,1,1
226033,226033,0,0,0,0,0,0
226265,226265,0,0,0,0,0,0
225382,225376,6,6,0,0,0,1
227688,227631,57,51,6,0,2,5
225230,225229,1,0,1,0,1,1
224611,224337,274,0,274,0,9,16
221133,220941,192,0,192,0,10,14
221888,221888,0,0,0,0,0,0
223462,223462,0,0,0,0,0,0
224620,224597,23,23,0,0,0,2
224930,224930,0,0,0,0,0,0
229253,229235,18,0,18,0,2,4
225868,225863,5,0,5,0,1,2
225323,225169,154,0,154,0,7,11
227099,227099,0,0,0,0,0,0
227546,227546,0,0,0,0,0,0
228435,228435,0,0,0,0,0,0
228112,228093,19,19,0,0,0,3
227556,227555,1,0,1,0,1,1
230958,230958,0,0,0,0,0,0
230038,230038,0,0,0,0,0,0
228958,228957,1,0,1,0,1,1
231177,231177,0,0,0,0,0,0
231468,231468,0,0,0,0,0,0
229617,229617,0,0,0,0,0,0
231087,231087,0,0,0,0,0,0
231624,231624,0,0,0,0,0,0
231363,231363,0,0,0,0,0,0
233056,233042,14,12,2,0,1,3
234740,234740,0,0,0,0,0,0
237186,237166,20,8,12,0,2,4
240120,240120,0,0,0,0,0,0
239890,239888,2,0,2,0,1,1
240463,240463,0,0,0,0,0,0
240098,240098,0,0,0,0,0,0
242053,242052,1,0,1,0,1,1
242805,242805,0,0,0,0,0,0
242558,242550,8,0,8,0,2,2
240758,240758,0,0,0,0,0,0
239277,239277,0,0,0,0,0,0
239869,239826,43,0,43,0,4,8
237957,237957,0,0,0,0,0,0
237928,237866,62,12,50,0,5,7
231344,231344,0,0,0,0,0,0
236823,236822,1,0,1,0,1,1
237994,237994,0,0,0,0,0,0
240704,240703,1,0,1,0,1,1
240752,240734,18,0,18,0,6,6
239698,239520,178,0,178,0,7,14
238855,238855,0,0,0,0,0,0
238812,238804,8,8,0,0,0,2
237602,237602,0,0,0,0,0,0
238564,238564,0,0,0,0,0,0
237648,237643,5,0,5,0,2,3
238907,238886,21,0,21,0,3,4
238807,238807,0,0,0,0,0,0
237499,237499,0,0,0,0,0,0
240219,240219,0,0,0,0,0,0
239034,239034,0,0,0,0,0,0
243794,243792,2,0,2,0,1,1
243271,243260,11,0,11,0,2,2
245196,245194,2,0,2,0,1,1
246590,246584,6,0,6,0,2,2
244825,244776,49,0,49,0,5,10
245669,245669,0,0,0,0,0,0
246786,246688,98,0,98,0,5,11
244768,244106,662,0,662,0,17,37
248653,248639,14,0,14,0,2,3
246390,246379,11,0,11,0,1,2
245551,245526,25,0,25,0,1,1
246093,245516,577,0,577,0,8,14
248124,248070,54,0,54,0,4,7
250315,250315,0,0,0,0,0,0
249732,249731,1,0,0,1,1,1
252915,252893,22,0,22,0,3,4
252907,252907,0,0,0,0,0,0
254608,254329,279,0,279,0,10,17
256359,256343,16,0,16,0,1,1
254407,254391,16,0,16,0,3,3
256429,256412,17,0,17,0,3,3
258789,258784,5,5,0,0,0,1
257144,257140,4,4,0,0,0,1
254431,254418,13,0,13,0,2,2
254513,254488,25,0,25,0,4,5
255916,255880,36,0,36,0,3,5
256536,256478,58,0,58,0,6,7
258822,258767,55,0,55,0,4,6
259675,259615,60,0,60,0,4,6
260838,260661,177,0,177,0,9,13
257832,257831,1,0,1,0,1,1
259373,259372,1,0,1,0,1,1
258830,258826,4,0,4,0,1,1
261186,261185,1,0,1,0,1,1
259489,259462,27,0,27,0,5,5
257008,257005,3,3,0,0,0,1
256777,256767,10,0,10,0,3,3
258293,258292,1,0,1,0,1,1
260348,260348,0,0,0,0,0,0
258778,258727,51,0,51,0,7,10
257651,257573,78,26,52,0,5,8
257164,257062,102,47,55,0,7,11
254681,254677,4,0,4,0,1,1
255172,255172,0,0,0,0,0,0
255628,255584,44,0,44,0,4,5
250446,250433,13,0,13,0,1,1
246656,246656,0,0,0,0,0,0
241462,241455,7,7,0,0,0,1
241048,241043,5,3,2,0,1,2
240730,240730,0,0,0,0,0,0
240343,240343,0,0,0,0,0,0
241382,241375,7,0,7,0,2,3
241764,241758,6,4,0,2,1,2
243929,243921,8,0,8,0,2,2
245292,245292,0,0,0,0,0,0
243192,243192,0,0,0,0,0,0
241580,241580,0,0,0,0,0,0
239870,239870,0,0,0,0,0,0
240254,240254,0,0,0,0,0,0
238891,238875,16,16,0,0,0,1
240313,240313,0,0,0,0,0,0
237602,237601,1,0,1,0,1,1
239647,239595,52,0,52,0,2,4
237522,237518,4,0,4,0,1,1
237961,237945,16,1,15,0,2,3
237311,237311,0,0,0,0,0,0
236811,236811,0,0,0,0,0,0
238242,238242,0,0,0,0,0,0
234836,234828,8,0,8,0,2,2
235431,235404,27,0,27,0,2,2
232285,232285,0,0,0,0,0,0
231177,231135,42,30,12,0,1,3
228848,228844,4,0,4,0,1,1
229478,229478,0,0,0,0,0,0
229953,229940,13,0,13,0,2,3
232082,232074,8,0,8,0,1,1
230338,230338,0,0,0,0,0,0
229106,229106,0,0,0,0,0,0
227951,227951,0,0,0,0,0,0
228194,228187,7,5,2,0,1,2
229351,229332,19,19,0,0,0,1
230033,230011,22,0,22,0,2,2
230493,230493,0,0,0,0,0,0
228955,228954,1,0,1,0,1,1
226845,226845,0,0,0,0,0,0
224255,224254,1,0,1,0,1,1
225843,225843,0,0,0,0,0,0
225683,225683,0,0,0,0,0,0
228003,228003,0,0,0,0,0,0
232490,232441,49,0,49,0,8,9
228964,228964,0,0,0,0,0,0
226452,226324,128,0,128,0,9,20
225676,225611,65,0,65,0,7,11
226608,226608,0,0,0,0,0,0
229233,229217,16,0,16,0,2,2
228139,228139,0,0,0,0,0,0
230212,230205,7,0,7,0,2,2
232836,232836,0,0,0,0,0,0
230532,230532,0,0,0,0,0,0
230637,230635,2,0,2,0,1,1
230293,230291,2,0,2,0,1,1
230666,230666,0,0,0,0,0,0
228211,228185,26,0,26,0,1,2
227208,227204,4,0,4,0,2,2
226699,226698,1,0,1,0,1,1
225736,225736,0,0,0,0,0,0
225918,225918,0,0,0,0,0,0
225814,225814,0,0,0,0,0,0
225108,225107,1,1,0,0,0,1
223302,223302,0,0,0,0,0,0
224112,224097,15,15,0,0,0,1
222952,222901,51,51,0,0,0,2
223716,223556,160,0,160,0,3,4
225754,225748,6,0,6,0,1,1
225553,225553,0,0,0,0,0,0
224647,224638,9,0,9,0,2,2
220772,220757,15,0,15,0,1,2
221443,221443,0,0,0,0,0,0
221120,221120,0,0,0,0,0,0
220941,220936,5,0,5,0,1,1
221212,221211,1,0,1,0,1,1
223846,223837,9,0,9,0,1,2
224708,224708,0,0,0,0,0,0
221544,221544,0,0,0,0,0,0
219934,219934,0,0,0,0,0,0
221919,221919,0,0,0,0,0,0
219116,219103,13,0,13,0,1,1
219429,219422,7,0,7,0,1,2
218239,218174,65,0,65,0,5,5
216964,216819,145,14,131,0,12,18
215829,215821,8,0,8,0,1,1
216492,216484,8,0,8,0,2,3
215084,215084,0,0,0,0,0,0
212235,212220,15,0,15,0,2,2
207997,207986,11,0,11,0,2,2
206799,206799,0,0,0,0,0,0
207474,207474,0,0,0,0,0,0
208388,208363,25,0,25,0,5,7
208298,208298,0,0,0,0,0,0
209179,209178,1,0,1,0,1,1
208454,208441,13,0,13,0,2,2
207781,207773,8,0,8,0,1,1
209191,209189,2,0,2,0,1,1
209232,209232,0,0,0,0,0,0
207669,207669,0,0,0,0,0,0
208995,208995,0,0,0,0,0,0
205605,205600,5,0,5,0,1,1
209384,209384,0,0,0,0,0,0
209828,209828,0,0,0,0,0,0
211846,211845,1,0,1,0,1,1
211329,211318,11,0,11,0,2,3
211876,211687,189,0,189,0,4,9
210300,210132,168,0,168,0,5,8
211808,211786,22,0,22,0,4,5
213602,213512,90,2,88,0,3,8
214794,214703,91,15,76,0,5,10
215794,215769,25,0,25,0,3,4
217781,217633,148,0,148,0,9,16
217759,217736,23,0,23,0,2,3
218939,218938,1,0,1,0,1,1
218354,218335,19,0,19,0,2,3
219437,219437,0,0,0,0,0,0
219133,219120,13,0,13,0,2,3
219315,219312,3,2,1,0,1,2
218247,218212,35,0,35,0,1,3
215765,215765,0,0,0,0,0,0
214201,214201,0,0,0,0,0,0
213814,213813,1,0,1,0,1,1
213586,213586,0,0,0,0,0,0
211901,211901,0,0,0,0,0,0
211029,211029,0,0,0,0,0,0
210816,210805,11,11,0,0,0,1
209429,209429,0,0,0,0,0,0
211056,211055,1,1,0,0,0,1
209304,209304,0,0,0,0,0,0
208678,208678,0,0,0,0,0,0
208673,208665,8,0,8,0,2,3
207923,207917,6,0,6,0,2,3
210726,210726,0,0,0,0,0,0
211754,211675,79,0,79,0,5,6
214452,214266,186,23,163,0,11,15
215005,215005,0,0,0,0,0,0
212875,211964,911,0,911,0,14,29
212283,211904,379,0,379,0,9,18
211748,211747,1,0,1,0,1,1
211789,211789,0,0,0,0,0,0
209088,209088,0,0,0,0,0,0
212811,212810,1,0,1,0,1,1
210967,210891,76,0,76,0,7,13
210724,210527,197,0,197,0,9,19
217590,217511,79,0,79,0,5,8
217500,217285,215,0,215,0,10,19
219345,218930,415,0,415,0,14,30
220170,220140,30,0,30,0,8,8
220714,220624,90,0,90,0,5,6
219442,219277,165,0,165,0,9,15
218618,218392,226,0,226,0,12,20
216383,216335,48,0,48,0,9,9
219123,219000,123,0,123,0,4,10
218796,218655,141,1,140,0,10,16
219004,218993,11,0,11,0,2,2
221346,221313,33,0,33,0,6,6
221408,221405,3,0,3,0,2,2
221533,221533,0,0,0,0,0,0
220502,220458,44,0,44,0,7,8
219916,219812,104,0,104,0,9,11
219689,219667,22,0,22,0,5,6
221723,221639,84,0,84,0,6,7
222843,222779,64,0,64,0,5,8
221469,221426,43,0,43,0,7,7
222385,222385,0,0,0,0,0,0
224371,224055,316,30,286,0,4,11
225932,225839,93,0,93,0,5,8
229048,228994,54,0,54,0,4,7
230611,230611,0,0,0,0,0,0
231990,231990,0,0,0,0,0,0
232113,232099,14,0,14,0,4,4
230920,230920,0,0,0,0,0,0
232020,232020,0,0,0,0,0,0
232902,232902,0,0,0,0,0,0
231871,231871,0,0,0,0,0,0
233807,233807,0,0,0,0,0,0
235473,235472,1,0,1,0,1,1
236332,236332,0,0,0,0,0,0
236935,236935,0,0,0,0,0,0
238577,238577,0,0,0,0,0,0
239072,239056,16,0,16,0,1,1
238059,238059,0,0,0,0,0,0
237505,237505,0,0,0,0,0,0
236762,236759,3,0,3,0,2,2
236334,236334,0,0,0,0,0,0
237386,237386,0,0,0,0,0,0
235875,235875,0,0,0,0,0,0
235062,235047,15,0,15,0,1,2
235891,235810,81,0,81,0,2,2
232690,232675,15,0,15,0,1,1
230324,230318,6,0,6,0,1,2
228849,228849,0,0,0,0,0,0
229430,229354,76,0,76,0,6,9
231191,231189,2,0,2,0,2,2
229396,229348,48,0,48,0,6,8
228862,228862,0,0,0,0,0,0
227827,227796,31,0,31,0,4,5
224452,224452,0,0,0,0,0,0
226903,226874,29,20,9,0,3,4
225080,225015,65,65,0,0,0,1
225867,225848,19,9,10,0,3,6
224903,224903,0,0,0,0,0,0
225565,225563,2,0,2,0,1,1
228085,228022,63,0,63,0,3,4
226592,226589,3,0,3,0,2,2
226165,226165,0,0,0,0,0,0
224890,224890,0,0,0,0,0,0
225503,225503,0,0,0,0,0,0
223253,223238,15,0,15,0,2,2
225346,225346,0,0,0,0,0,0
225104,225086,18,18,0,0,0,2
223836,223831,5,5,0,0,0,1
223409,223409,0,0,0,0,0,0
218600,218600,0,0,0,0,0,0
220101,220094,7,0,7,0,1,2
219502,219501,1,0,1,0,1,1
218593,218593,0,0,0,0,0,0
218508,218491,17,0,17,0,4,4
219267,219214,53,0,53,0,8,11
218660,218659,1,0,1,0,1,1
215639,215002,637,0,637,0,11,26
215747,215733,14,0,14,0,3,3
214595,214449,146,3,143,0,11,16
213253,213253,0,0,0,0,0,0
212994,212961,33,0,33,0,6,6
213513,213345,168,0,168,0,10,15
215720,215717,3,0,3,0,1,1
214873,214862,11,0,11,0,2,2
214279,214267,12,0,12,0,1,1
218722,218722,0,0,0,0,0,0
219754,219754,0,0,0,0,0,0
218585,218533,52,0,52,0,5,6
218451,218430,21,12,9,0,1,3
220667,220654,13,0,13,0,3,4
219671,219626,45,0,45,0,7,11
219864,219855,9,3,6,0,2,3
220271,220270,1,0,1,0,1,1
217888,217888,0,0,0,0,0,0
216147,216132,15,0,15,0,3,4
215459,215459,0,0,0,0,0,0
217154,217136,18,18,0,0,0,1
215901,215901,0,0,0,0,0,0
216463,216463,0,0,0,0,0,0
216490,216490,0,0,0,0,0,0
212472,212464,8,3,5,0,1,3
214937,214937,0,0,0,0,0,0
212753,212724,29,0,29,0,3,4
214800,214800,0,0,0,0,0,0
215701,215701,0,0,0,0,0,0
211683,211683,0,0,0,0,0,0
211785,211785,0,0,0,0,0,0
209248,209247,1,0,1,0,1,1
210107,210107,0,0,0,0,0,0
208373,208373,0,0,0,0,0,0
210279,210279,0,0,0,0,0,0
209974,209974,0,0,0,0,0,0
209583,209580,3,0,3,0,1,1
212423,212423,0,0,0,0,0,0
216178,216178,0,0,0,0,0,0
216257,216257,0,0,0,0,0,0
218785,218782,3,0,3,0,2,2
219478,219473,5,0,5,0,2,2
216666,216666,0,0,0,0,0,0
216394,216344,50,0,50,0,5,5
214386,214274,112,0,111,1,8,15
215340,215331,9,0,9,0,3,3
216691,216637,54,0,54,0,5,6
216855,216815,40,29,11,0,3,5
219902,219783,119,0,119,0,13,22
221501,221375,126,0,126,0,10,16
221764,221700,64,0,64,0,8,11
224223,224188,35,0,35,0,4,7
224424,224387,37,0,37,0,5,8
225965,225950,15,0,15,0,3,4
224329,224221,108,0,108,0,5,9
224549,224536,13,0,13,0,2,2
227895,227847,48,0,48,0,9,11
227399,227385,14,0,14,0,1,1
227137,227109,28,0,28,0,2,3
228181,228181,0,0,0,0,0,0
226783,226783,0,0,0,0,0,0
227606,227606,0,0,0,0,0,0
228628,228628,0,0,0,0,0,0
230395,230395,0,0,0,0,0,0
228960,228960,0,0,0,0,0,0
227596,227596,0,0,0,0,0,0
223101,223101,0,0,0,0,0,0
221471,221471,0,0,0,0,0,0
221400,221399,1,0,1,0,1,1
222595,222591,4,0,4,0,1,1
224883,224862,21,0,21,0,1,1
223207,223206,1,0,1,0,1,1
223973,223970,3,0,3,0,1,1
221720,221374,346,0,346,0,9,17
221680,221652,28,0,28,0,3,3
223438,223433,5,0,5,0,2,2
221727,221722,5,0,5,0,1,2
222757,222757,0,0,0,0,0,0
222878,222878,0,0,0,0,0,0
219830,219830,0,0,0,0,0,0
219903,219903,0,0,0,0,0,0
221169,221169,0,0,0,0,0,0
219836,219836,0,0,0,0,0,0
219262,219261,1,0,1,0,1,1
218627,218627,0,0,0,0,0,0
216288,216288,0,0,0,0,0,0
212991,212989,2,2,0,0,0,1
210783,210781,2,0,2,0,1,1
208701,208701,0,0,0,0,0,0
205562,205561,1,0,1,0,1,1
202514,202460,54,0,54,0,4,5
202092,202086,6,0,6,0,1,1
197313,197313,0,0,0,0,0,0
193720,193710,10,0,10,0,2,2
193869,193869,0,0,0,0,0,0
196475,196471,4,0,4,0,2,3
194389,194351,38,0,38,0,2,4
194009,193983,26,25,1,0,1,3
196173,196173,0,0,0,0,0,0
193735,193735,0,0,0,0,0,0
190367,190367,0,0,0,0,0,0
189750,189750,0,0,0,0,0,0
188877,188877,0,0,0,0,0,0
187866,187854,12,12,0,0,0,1
186717,186717,0,0,0,0,0,0
185858,185858,0,0,0,0,0,0
182448,182448,0,0,0,0,0,0
181671,181657,14,0,14,0,2,2
180520,180520,0,0,0,0,0,0
179623,179623,0,0,0,0,0,0
176955,176953,2,0,2,0,2,2
177354,177347,7,0,7,0,2,2
176608,176608,0,0,0,0,0,0
176129,176129,0,0,0,0,0,0
171804,171804,0,0,0,0,0,0
171749,171749,0,0,0,0,0,0
167928,167928,0,0,0,0,0,0
167729,167714,15,0,15,0,5,5
167144,167111,33,0,33,0,4,4
166491,166487,4,0,4,0,1,1
165172,165047,125,0,125,0,10,14
162380,162326,54,53,1,0,1,4
160501,160409,92,0,92,0,8,12
160232,160222,10,0,10,0,2,3
161226,161178,48,0,48,0,7,10
165272,165272,0,0,0,0,0,0
167468,167468,0,0,0,0,0,0
170361,170269,92,0,92,0,10,11
171532,171529,3,0,3,0,1,1
175540,175537,3,0,3,0,1,1
177544,177538,6,1,5,0,1,2
181543,181542,1,0,1,0,1,1
186920,186881,39,0,39,0,5,9
188712,188712,0,0,0,0,0,0
192935,192935,0,0,0,0,0,0
198716,198714,2,0,2,0,1,1
204123,204107,16,0,16,0,1,1
208161,208161,0,0,0,0,0,0
206638,206632,6,0,6,0,2,2
207132,207112,20,20,0,0,0,2
214101,214101,0,0,0,0,0,0
216472,216472,0,0,0,0,0,0
220015,220015,0,0,0,0,0,0
225452,225382,70,0,70,0,7,11
227000,226990,10,0,10,0,3,4
229257,229250,7,0,7,0,1,3
242103,242093,10,0,10,0,3,3
248567,248539,28,0,28,0,6,6
260576,260544,32,0,32,0,3,5
267854,267850,4,0,4,0,2,2
277524,277151,373,0,373,0,13,19
282523,282466,57,55,1,1,2,3
290974,290924,50,0,50,0,4,4
298572,298563,9,0,9,0,2,2
312896,312895,1,1,0,0,0,1
321396,321396,0,0,0,0,0,0
327411,327411,0,0,0,0,0,0
330047,330047,0,0,0,0,0,0
340880,340880,0,0,0,0,0,0
344351,344351,0,0,0,0,0,0
353628,353628,0,0,0,0,0,0
359601,359601,0,0,0,0,0,0
371854,371851,3,0,3,0,2,2
377462,377353,109,0,109,0,6,8
381639,381627,12,0,12,0,1,2
383157,383157,0,0,0,0,0,0
384304,384292,12,0,12,0,1,1
392659,392659,0,0,0,0,0,0
391743,391743,0,0,0,0,0,0
393756,393755,1,0,1,0,1,1
392153,392152,1,0,1,0,1,1
389726,389706,20,20,0,0,0,1
393867,393867,0,0,0,0,0,0
390107,390099,8,0,8,0,1,2
388243,387824,419,0,418,1,9,13
480145,480145,0,0,0,0,0,0
485650,485340,310,0,310,0,8,15
482992,482143,849,0,849,0,9,13
484930,484651,279,0,279,0,6,8
490694,489826,868,0,868,0,9,21
496814,496803,11,0,11,0,2,3
494254,494109,145,0,145,0,7,11
494277,494277,0,0,0,0,0,0
490948,490948,0,0,0,0,0,0
495818,495555,263,0,263,0,8,10
502416,502283,133,0,133,0,3,4
498319,498002,317,62,255,0,7,9
499646,498797,849,0,849,0,11,20
496137,496097,40,0,40,0,1,3
500569,500568,1,0,1,0,1,1
494143,493843,300,0,300,0,10,15
500263,500133,130,0,130,0,4,6
499698,499680,18,18,0,0,0,2
501896,501629,267,0,267,0,9,12
500716,500593,123,82,41,0,3,6
505662,505662,0,0,0,0,0,0
506776,506662,114,0,114,0,8,14
503836,503040,796,0,796,0,13,23
502437,502179,258,0,258,0,5,10
508422,508017,405,0,405,0,10,16
505575,505504,71,0,71,0,3,5
507515,507431,84,0,84,0,7,9
