coverage,wt.counts,mut.count,s.count,ns.count,stp.count,aa.sampled,codons.sampled
899196,899196,0,0,0,0,0,0
910830,910828,2,0,2,0,2,2
933193,933103,90,0,90,0,9,15
935667,935556,111,0,111,0,10,18
942310,942112,198,0,198,0,14,24
967253,967130,123,47,76,0,6,12
961560,961280,280,0,280,0,14,28
968499,968479,20,0,20,0,6,6
978269,978251,18,0,18,0,4,5
1001763,1001621,142,0,142,0,6,11
999450,999448,2,0,2,0,2,2
1009968,1009915,53,0,53,0,6,9
982371,982362,9,0,9,0,3,3
988312,988298,14,0,14,0,3,4
978439,978115,324,0,324,0,13,22
466916,466502,414,11,403,0,16,38
461448,461402,46,2,44,0,9,16
463006,462808,198,0,198,0,15,29
471599,471454,145,0,145,0,9,14
472624,472473,151,14,137,0,14,22
466941,466772,169,0,169,0,9,20
443647,443580,67,0,67,0,11,17
461593,461566,27,0,27,0,4,6
459329,458957,372,0,372,0,13,25
453326,453273,53,0,53,0,6,12
465916,465837,79,0,79,0,7,19
456939,456926,13,0,13,0,4,7
448995,448969,26,0,26,0,8,11
417296,417274,22,0,22,0,3,9
402361,402348,13,0,13,0,2,5
394102,394100,2,0,2,0,2,2
375046,375020,26,0,26,0,2,2
361857,361857,0,0,0,0,0,0
351507,351504,3,0,3,0,1,2
355679,355679,0,0,0,0,0,0
357262,357256,6,0,6,0,2,3
351517,351515,2,0,2,0,1,1
362082,362082,0,0,0,0,0,0
356759,356754,5,0,5,0,1,2
345275,345244,31,6,25,0,4,9
348034,348025,9,0,9,0,2,2
343735,343728,7,0,7,0,4,4
333646,333642,4,1,3,0,2,3
331674,331658,16,0,16,0,7,7
330172,330156,16,0,16,0,2,2
327808,327787,21,0,21,0,5,7
318635,318525,110,0,110,0,15,24
321428,321385,43,0,43,0,10,15
319792,319784,8,0,8,0,3,4
314604,314595,9,0,9,0,3,3
308548,308526,22,0,22,0,9,11
312271,312256,15,0,15,0,5,7
305464,305464,0,0,0,0,0,0
303389,303350,39,0,39,0,5,8
296792,296780,12,0,12,0,3,4
292374,292370,4,0,4,0,3,3
284219,284210,9,0,9,0,3,3
278114,278107,7,0,7,0,2,2
271826,271824,2,0,2,0,1,1
270757,270739,18,0,18,0,7,9
262446,262423,23,0,23,0,4,5
263671,263633,38,0,38,0,8,14
260866,260865,1,0,1,0,1,1
262240,262224,16,6,10,0,3,5
255293,255233,60,0,60,0,13,25
253762,253762,0,0,0,0,0,0
260007,260007,0,0,0,0,0,0
256910,256909,1,0,1,0,1,1
255646,255635,11,0,11,0,4,4
261208,261186,22,16,6,0,3,5
265026,265024,2,0,2,0,1,1
256946,256935,11,0,11,0,5,6
254952,254952,0,0,0,0,0,0
265186,265185,1,0,1,0,1,1
258205,258205,0,0,0,0,0,0
262377,262353,24,0,24,0,4,8
265160,265150,10,0,10,0,4,4
264807,264788,19,0,19,0,3,6
259988,259971,17,17,0,0,0,4
264277,264276,1,0,1,0,1,1
254881,254863,18,15,3,0,2,5
262955,262951,4,0,4,0,1,2
261305,261301,4,4,0,0,0,2
262926,262906,20,6,14,0,3,8
265779,265776,3,0,3,0,2,2
268202,268198,4,0,4,0,3,3
271743,271739,4,1,3,0,2,3
284088,284088,0,0,0,0,0,0
286231,286231,0,0,0,0,0,0
291756,291751,5,5,0,0,0,2
293614,293604,10,0,10,0,4,6
291621,291621,0,0,0,0,0,0
308576,308576,0,0,0,0,0,0
313874,313865,9,0,9,0,3,3
323865,323865,0,0,0,0,0,0
321966,321966,0,0,0,0,0,0
332526,332526,0,0,0,0,0,0
337753,337749,4,0,4,0,3,3
332123,332123,0,0,0,0,0,0
337805,337801,4,0,4,0,3,3
336757,336741,16,0,15,1,6,6
335467,335463,4,0,4,0,2,3
335143,335140,3,0,3,0,2,2
323559,323557,2,0,2,0,2,2
331574,331570,4,0,4,0,4,4
323833,323798,35,0,35,0,10,14
322710,322709,1,0,1,0,1,1
323584,323579,5,0,5,0,2,2
328122,328041,81,0,81,0,11,23
323058,323050,8,0,8,0,5,5
323809,323803,6,0,6,0,2,3
329099,328961,138,0,138,0,13,28
329780,329754,26,0,26,0,5,9
332855,332773,82,4,78,0,15,22
348028,348025,3,0,3,0,2,2
356396,356394,2,0,2,0,1,1
352251,352228,23,0,23,0,3,5
363488,363487,1,0,1,0,1,1
369276,369271,5,0,5,0,3,5
378995,378995,0,0,0,0,0,0
386976,386957,19,0,19,0,5,8
396194,396194,0,0,0,0,0,0
395350,395350,0,0,0,0,0,0
381836,381772,64,0,64,0,8,15
386028,386026,2,0,2,0,1,1
385432,385432,0,0,0,0,0,0
377535,377533,2,0,2,0,1,1
383661,383656,5,0,5,0,2,2
386881,386879,2,0,2,0,2,2
385328,385307,21,0,21,0,1,2
384785,384770,15,15,0,0,0,3
375070,375068,2,0,2,0,1,1
364895,364893,2,0,2,0,2,2
371291,371289,2,0,2,0,2,2
370539,370534,5,1,4,0,3,4
371396,371396,0,0,0,0,0,0
368470,368465,5,3,2,0,2,4
373944,373925,19,0,19,0,6,7
374800,374629,171,0,171,0,9,23
376242,376240,2,0,2,0,2,2
379274,379254,20,0,20,0,6,7
375960,375956,4,0,4,0,2,3
384458,384356,102,0,102,0,11,17
389590,389588,2,0,2,0,1,1
391280,391178,102,0,102,0,9,15
395369,395366,3,0,3,0,3,3
393993,393993,0,0,0,0,0,0
393561,393555,6,0,6,0,5,5
391318,391308,10,0,10,0,4,5
388545,388528,17,0,17,0,2,4
396944,396944,0,0,0,0,0,0
385202,385198,4,0,4,0,3,3
377628,377624,4,0,4,0,2,2
379965,379935,30,0,30,0,8,11
373575,373521,54,41,13,0,5,9
374746,374713,33,0,33,0,8,10
362975,362934,41,0,41,0,6,12
345768,345759,9,3,6,0,1,3
337301,337295,6,0,6,0,3,3
337764,337764,0,0,0,0,0,0
338202,338195,7,0,7,0,1,1
337956,337932,24,0,24,0,3,6
342473,342469,4,0,4,0,1,2
337198,337195,3,0,3,0,2,2
331935,331923,12,0,12,0,4,6
327491,327423,68,0,68,0,8,21
321521,321518,3,0,3,0,2,2
324781,324781,0,0,0,0,0,0
317697,317697,0,0,0,0,0,0
317350,317313,37,32,5,0,2,5
316442,316441,1,0,1,0,1,1
314070,314067,3,1,2,0,2,3
307843,307838,5,0,5,0,4,4
309806,309787,19,0,19,0,3,4
301251,301242,9,0,9,0,4,4
312546,312544,2,0,2,0,1,1
311709,311687,22,0,22,0,5,6
310417,310416,1,0,1,0,1,1
315496,315492,4,0,4,0,2,2
312293,312293,0,0,0,0,0,0
306240,306232,8,0,8,0,2,4
295336,295336,0,0,0,0,0,0
288620,288619,1,0,1,0,1,1
295765,295762,3,3,0,0,0,2
294954,294923,31,0,31,0,3,6
287495,287494,1,0,1,0,1,1
292930,292925,5,0,5,0,3,4
281136,281136,0,0,0,0,0,0
283270,283261,9,0,9,0,6,6
280780,280738,42,0,42,0,7,10
280952,280933,19,2,17,0,6,9
283925,283920,5,5,0,0,0,1
282625,282611,14,0,14,0,5,7
282758,282732,26,0,26,0,7,10
283126,283089,37,0,37,0,9,14
287149,287144,5,0,5,0,3,4
289452,289443,9,0,9,0,5,6
281175,281172,3,0,3,0,2,2
279375,279373,2,0,2,0,1,1
276832,276832,0,0,0,0,0,0
282460,282449,11,0,11,0,5,5
286952,286947,5,0,5,0,3,3
289434,289428,6,0,6,0,3,4
288556,288552,4,0,4,0,3,3
285456,285442,14,0,14,0,4,5
284940,283424,1516,2,1514,0,17,35
286156,285984,172,0,172,0,8,17
289288,289287,1,0,1,0,1,1
288851,288790,61,0,61,0,12,18
297410,297404,6,0,6,0,3,4
299936,299170,766,0,766,0,16,32
299199,298980,219,19,200,0,14,30
297941,297709,232,0,232,0,15,31
289652,289635,17,0,17,0,3,8
289562,289539,23,16,7,0,3,4
299483,299478,5,1,4,0,4,5
300549,300540,9,0,9,0,2,2
303174,303153,21,0,21,0,7,9
297304,297304,0,0,0,0,0,0
304522,303680,842,9,833,0,12,27
297141,297066,75,0,75,0,9,15
290213,290170,43,0,43,0,7,10
301249,301247,2,0,2,0,1,1
294923,294922,1,0,1,0,1,1
301644,301553,91,0,91,0,11,19
304802,304801,1,0,1,0,1,1
302016,301899,117,0,117,0,10,16
302504,302493,11,0,11,0,4,5
299017,298999,18,0,18,0,7,8
300663,300592,71,0,71,0,9,14
309868,309700,168,3,165,0,13,28
313955,313906,49,0,49,0,10,12
310727,310389,338,4,334,0,9,21
309777,309738,39,0,39,0,7,13
302783,302073,710,0,710,0,15,38
307483,307325,158,37,121,0,12,27
307099,307048,51,0,51,0,5,8
307238,307236,2,0,2,0,2,2
306374,306342,32,11,21,0,4,9
306641,306626,15,0,15,0,7,10
306258,306251,7,0,7,0,3,4
309862,309772,90,0,90,0,10,15
308470,308462,8,0,8,0,4,4
309078,309058,20,0,20,0,6,8
310534,310514,20,0,20,0,3,5
313060,313059,1,0,1,0,1,1
309258,309246,12,0,12,0,3,3
308599,308580,19,0,19,0,6,7
305114,305058,56,0,56,0,5,10
301620,301549,71,0,71,0,6,15
298998,298997,1,0,1,0,1,1
300604,300601,3,0,3,0,3,3
302173,302153,20,13,7,0,4,6
300643,300620,23,0,23,0,7,10
300940,300932,8,0,8,0,2,3
306508,306506,2,0,2,0,2,2
313071,313071,0,0,0,0,0,0
313177,313172,5,0,5,0,4,4
309458,309458,0,0,0,0,0,0
304003,303999,4,0,4,0,1,1
306894,306888,6,0,6,0,2,2
304882,304879,3,0,3,0,3,3
305931,305928,3,2,1,0,1,2
309103,309097,6,6,0,0,0,2
310156,310154,2,0,2,0,1,1
305933,305932,1,0,1,0,1,1
298266,298264,2,0,2,0,2,2
294515,294492,23,17,6,0,1,7
294475,294470,5,0,5,0,4,4
292145,292140,5,0,5,0,1,2
289598,289584,14,0,14,0,3,4
295942,295940,2,0,2,0,1,1
297196,297190,6,0,6,0,3,4
297744,297741,3,0,3,0,2,2
297828,297825,3,0,3,0,2,2
293431,293412,19,0,19,0,4,6
291095,291094,1,0,1,0,1,1
291797,291763,34,19,15,0,9,13
288806,288804,2,0,2,0,1,1
290522,290521,1,0,1,0,1,1
291564,291564,0,0,0,0,0,0
288434,288434,0,0,0,0,0,0
280109,280095,14,0,14,0,4,7
283548,283547,1,0,1,0,1,1
282465,282429,36,0,36,0,7,12
290009,290001,8,8,0,0,0,2
293951,293950,1,0,1,0,1,1
301848,301838,10,0,10,0,5,6
295555,295518,37,0,37,0,5,11
295331,295319,12,0,12,0,5,7
296938,296937,1,0,1,0,1,1
295194,295182,12,4,8,0,2,3
292438,292433,5,0,5,0,3,4
296160,296136,24,0,24,0,5,6
299306,299305,1,0,1,0,1,1
298656,298654,2,0,2,0,1,1
299055,299052,3,0,3,0,2,2
305233,305214,19,0,19,0,5,8
305590,305534,56,0,56,0,13,20
301402,301402,0,0,0,0,0,0
298110,298099,11,0,11,0,3,5
295490,295480,10,0,10,0,3,3
297147,297093,54,0,54,0,7,13
303522,303414,108,0,108,0,8,14
307931,307926,5,0,5,0,1,2
309508,309494,14,6,8,0,6,8
306410,306401,9,0,9,0,4,5
303773,303756,17,0,17,0,2,4
300946,300933,13,0,13,0,5,7
296226,296222,4,0,4,0,3,3
304105,304104,1,0,1,0,1,1
296988,296980,8,0,8,0,2,4
304557,304556,1,0,1,0,1,1
310046,310014,32,0,32,0,6,8
307796,307793,3,0,3,0,2,2
304384,304363,21,0,21,0,2,5
301740,301740,0,0,0,0,0,0
296273,296271,2,0,2,0,1,1
292780,292776,4,0,4,0,3,3
301057,301016,41,0,41,0,10,14
300826,300791,35,0,35,0,5,9
301234,301231,3,0,3,0,2,2
291699,291698,1,0,1,0,1,1
284473,284468,5,0,5,0,1,4
280484,280484,0,0,0,0,0,0
280917,280913,4,4,0,0,0,1
286036,286025,11,11,0,0,0,2
289307,289134,173,160,13,0,3,6
284395,284389,6,0,6,0,4,4
281259,281162,97,0,97,0,13,23
273904,273808,96,0,96,0,11,23
277120,277116,4,0,4,0,3,3
280804,280803,1,0,1,0,1,1
277407,277392,15,15,0,0,0,1
277031,277031,0,0,0,0,0,0
280182,280153,29,0,29,0,6,8
274001,273993,8,0,8,0,4,5
279115,279039,76,0,76,0,7,17
288411,288411,0,0,0,0,0,0
288501,288499,2,0,2,0,1,1
288004,288004,0,0,0,0,0,0
287794,287780,14,13,1,0,1,3
287337,287332,5,0,5,0,4,4
295641,295638,3,0,3,0,3,3
294608,294608,0,0,0,0,0,0
303464,303459,5,0,5,0,3,3
302834,302832,2,0,2,0,1,1
299783,299779,4,3,1,0,1,2
294459,294457,2,0,2,0,2,2
294418,294415,3,0,3,0,2,2
294088,294088,0,0,0,0,0,0
298892,298892,0,0,0,0,0,0
302618,302618,0,0,0,0,0,0
301135,301135,0,0,0,0,0,0
304466,304458,8,0,8,0,2,3
315542,315537,5,0,5,0,4,5
314040,314038,2,0,2,0,2,2
314685,314685,0,0,0,0,0,0
305864,305860,4,0,4,0,2,2
309380,309380,0,0,0,0,0,0
314393,314393,0,0,0,0,0,0
314905,314890,15,0,15,0,4,6
314665,314665,0,0,0,0,0,0
310569,310568,1,0,1,0,1,1
308343,308321,22,0,22,0,7,12
301454,301452,2,0,2,0,2,2
306893,306856,37,2,35,0,10,18
280560,280558,2,0,2,0,2,2
308733,308729,4,0,4,0,2,2
312633,312627,6,0,6,0,2,2
321658,321641,17,0,17,0,7,7
317828,317812,16,0,16,0,4,6
308118,308074,44,0,44,0,10,17
307280,307278,2,0,2,0,2,2
310718,310704,14,10,4,0,2,5
306569,306567,2,0,2,0,1,1
310942,310941,1,0,1,0,1,1
310293,310293,0,0,0,0,0,0
317094,317083,11,0,11,0,6,7
314860,314857,3,0,3,0,2,2
310166,310165,1,0,1,0,1,1
311796,311796,0,0,0,0,0,0
307646,307637,9,3,6,0,1,3
312686,312683,3,0,3,0,2,3
311469,311466,3,0,3,0,2,2
316323,316320,3,0,3,0,2,2
326873,326853,20,0,20,0,4,4
323121,323072,49,0,49,0,9,12
317712,317712,0,0,0,0,0,0
321489,321446,43,0,43,0,8,11
319437,317180,2257,0,2257,0,17,38
334570,334535,35,0,35,0,5,8
321573,321530,43,0,43,0,9,15
321721,321688,33,0,33,0,7,8
327413,327081,332,0,332,0,13,23
343970,343919,51,4,47,0,7,12
342948,342946,2,0,2,0,1,2
349087,349080,7,0,7,0,3,3
362389,362359,30,0,30,0,4,8
358634,358632,2,0,2,0,2,2
360292,360159,133,0,133,0,13,26
365340,365321,19,0,19,0,4,7
367559,367548,11,0,11,0,6,7
365847,365845,2,0,2,0,1,1
368357,368341,16,11,5,0,2,6
363831,363797,34,12,22,0,1,3
357739,357715,24,0,24,0,5,9
357388,357332,56,0,56,0,8,15
361939,361918,21,0,21,0,7,8
369590,369510,80,2,78,0,11,19
376197,376148,49,0,49,0,9,14
376976,376955,21,0,21,0,10,12
378195,378144,51,0,51,0,10,16
373385,373380,5,0,5,0,3,3
376699,376698,1,0,1,0,1,1
371253,371233,20,0,20,0,6,6
378128,378119,9,0,9,0,3,4
377199,377172,27,0,27,0,10,11
378219,378218,1,0,1,0,1,1
374859,374850,9,0,9,0,4,4
366542,366538,4,0,4,0,2,2
368533,368533,0,0,0,0,0,0
362935,362832,103,0,103,0,10,19
367561,367515,46,5,41,0,10,17
367592,367475,117,15,102,0,10,24
364114,364084,30,0,30,0,9,11
365628,365623,5,0,5,0,3,4
368950,368901,49,12,37,0,11,16
355640,355628,12,0,12,0,4,4
351540,351540,0,0,0,0,0,0
352475,352472,3,0,3,0,1,1
343901,343894,7,2,5,0,3,4
338777,338776,1,0,1,0,1,1
338658,338657,1,0,1,0,1,1
335501,335490,11,0,11,0,3,5
330495,330485,10,7,3,0,3,4
331301,331293,8,0,8,0,2,3
335686,335682,4,0,4,0,3,3
330849,330846,3,0,3,0,2,2
332655,332653,2,0,2,0,1,1
334211,334211,0,0,0,0,0,0
340424,340424,0,0,0,0,0,0
347142,347134,8,2,6,0,3,5
347786,347786,0,0,0,0,0,0
343941,343919,22,17,5,0,2,4
342580,342555,25,0,25,0,5,7
341387,341374,13,0,13,0,4,5
335805,335804,1,0,1,0,1,1
328679,328674,5,0,5,0,3,3
325223,325222,1,0,1,0,1,1
333805,333794,11,0,11,0,4,4
329224,329221,3,0,3,0,3,3
334258,334242,16,0,16,0,4,7
325188,325185,3,0,3,0,2,2
322680,322671,9,6,3,0,2,3
320902,320868,34,0,34,0,3,7
319467,319465,2,0,2,0,2,2
320916,320901,15,0,15,0,3,7
322617,322610,7,0,7,0,4,4
325122,325114,8,0,8,0,2,3
311392,311391,1,0,1,0,1,1
307634,307630,4,0,4,0,3,3
312936,312926,10,4,6,0,3,5
308687,308678,9,3,6,0,2,3
313792,313786,6,0,6,0,2,3
313655,313653,2,0,2,0,1,1
315651,315651,0,0,0,0,0,0
314770,314770,0,0,0,0,0,0
312692,312688,4,0,4,0,2,3
313582,313582,0,0,0,0,0,0
318897,318894,3,0,3,0,1,2
320195,320190,5,0,5,0,3,3
325679,325593,86,0,86,0,10,16
309790,309787,3,0,3,0,3,3
312410,312286,124,0,124,0,12,24
304256,304181,75,0,75,0,13,26
313025,313019,6,5,1,0,1,2
308906,308883,23,0,23,0,8,9
308709,308707,2,0,2,0,2,2
311939,311928,11,0,11,0,2,5
317285,317285,0,0,0,0,0,0
322661,322659,2,2,0,0,0,1
322704,322701,3,0,3,0,1,1
316396,316390,6,0,6,0,2,2
320355,320354,1,0,1,0,1,1
317470,317422,48,0,48,0,4,8
309432,309416,16,0,16,0,5,8
306406,306400,6,0,6,0,3,3
303923,303921,2,0,2,0,1,1
306403,306403,0,0,0,0,0,0
307929,307928,1,0,1,0,1,1
311899,311896,3,1,2,0,2,3
315060,315059,1,0,1,0,1,1
315032,315022,10,10,0,0,0,2
306455,306437,18,17,1,0,1,5
312659,312610,49,0,49,0,3,7
317073,317057,16,0,16,0,2,4
318298,318297,1,0,1,0,1,1
315370,315360,10,0,10,0,3,6
314508,314488,20,0,20,0,5,9
315919,315916,3,0,3,0,2,2
311171,311170,1,0,1,0,1,1
315375,315373,2,0,2,0,2,2
316973,316961,12,12,0,0,0,3
319196,319186,10,0,10,0,4,4
319229,319228,1,0,1,0,1,1
321399,321399,0,0,0,0,0,0
305731,305731,0,0,0,0,0,0
313761,313761,0,0,0,0,0,0
294058,294045,13,0,13,0,7,7
307936,307935,1,0,1,0,1,1
309822,309730,92,0,92,0,9,17
310425,310139,286,18,268,0,17,37
309511,309505,6,0,6,0,3,3
308292,308245,47,0,47,0,10,18
303420,303419,1,0,1,0,1,1
302052,302037,15,0,15,0,4,6
291986,291887,99,0,99,0,9,11
289284,289279,5,0,5,0,2,3
288525,288524,1,0,1,0,1,1
287969,287933,36,0,36,0,7,10
294824,294817,7,0,7,0,4,6
296098,296082,16,0,16,0,3,5
299362,299347,15,0,15,0,4,6
297416,297396,20,0,20,0,7,8
295254,295246,8,0,8,0,3,3
290876,290870,6,0,6,0,3,3
289017,289017,0,0,0,0,0,0
288063,288056,7,0,7,0,1,2
284196,284171,25,0,25,0,1,2
290478,290476,2,0,2,0,1,1
297988,297982,6,0,6,0,3,5
295382,295382,0,0,0,0,0,0
289070,289001,69,0,69,0,5,12
288710,288680,30,0,30,0,8,12
285025,284927,98,0,98,0,4,8
281983,281933,50,0,50,0,6,14
285557,285471,86,7,79,0,8,13
285198,285058,140,13,127,0,7,16
284222,284177,45,0,45,0,5,9
289237,289164,73,0,73,0,13,23
286692,286670,22,0,22,0,2,5
281488,281484,4,0,4,0,4,4
281075,281061,14,0,14,0,3,3
283822,283810,12,0,12,0,2,2
277784,277756,28,0,28,0,6,9
274901,274896,5,4,1,0,1,2
271793,271767,26,0,26,0,2,4
268296,268295,1,0,1,0,1,1
255411,255406,5,0,5,0,2,2
260673,260672,1,0,1,0,1,1
259327,259326,1,0,1,0,1,1
260488,260483,5,2,3,0,1,2
253938,253936,2,0,2,0,1,1
253940,253933,7,6,1,0,1,2
244553,244552,1,0,1,0,1,1
249432,249431,1,0,1,0,1,1
249412,249411,1,0,1,0,1,1
239491,239490,1,0,1,0,1,1
231227,231224,3,0,3,0,1,2
231009,230989,20,0,20,0,7,10
241145,241135,10,0,10,0,3,3
248912,248867,45,0,45,0,8,13
257979,257886,93,2,91,0,14,20
259783,259783,0,0,0,0,0,0
251501,249315,2186,0,2186,0,16,43
252947,252735,212,0,212,0,11,28
246453,246445,8,0,8,0,3,5
244174,244130,44,0,44,0,7,8
230783,230783,0,0,0,0,0,0
248377,248377,0,0,0,0,0,0
245861,245790,71,0,71,0,15,24
240532,240366,166,0,166,0,16,37
255533,255480,53,0,53,0,7,12
253166,252972,194,0,194,0,12,30
258118,257904,214,0,214,0,13,26
261905,261880,25,0,25,0,10,11
264377,264293,84,0,84,0,10,17
261180,261028,152,0,152,0,12,27
260365,260221,144,0,144,0,11,26
252467,252374,93,0,93,0,16,35
262263,262216,47,0,47,0,5,13
266353,266273,80,19,61,0,13,22
267134,267129,5,0,5,0,1,2
274981,274949,32,0,32,0,8,11
278988,278979,9,0,9,0,1,4
283955,283953,2,0,2,0,1,1
284122,284077,45,0,45,0,10,17
286804,286737,67,0,67,0,11,16
287359,287305,54,0,54,0,9,14
290836,290827,9,0,9,0,4,5
291092,291079,13,0,13,0,3,4
292307,292247,60,0,60,0,10,15
297328,297327,1,0,1,0,1,1
298656,298560,96,5,91,0,7,13
299708,299666,42,0,42,0,11,16
302958,302894,64,0,64,0,11,20
303801,303801,0,0,0,0,0,0
308649,308649,0,0,0,0,0,0
308747,308742,5,0,5,0,3,3
307027,307024,3,3,0,0,0,1
302530,302530,0,0,0,0,0,0
307851,307851,0,0,0,0,0,0
309360,309351,9,0,9,0,3,3
314984,314981,3,0,3,0,1,1
317488,317487,1,0,1,0,1,1
314567,314567,0,0,0,0,0,0
316334,316327,7,0,7,0,2,3
321586,321585,1,0,1,0,1,1
322172,322170,2,0,2,0,2,2
310990,310990,0,0,0,0,0,0
314142,314137,5,0,5,0,2,3
313534,313530,4,0,4,0,3,3
309793,309793,0,0,0,0,0,0
306571,306556,15,0,15,0,4,5
309554,309554,0,0,0,0,0,0
307092,307055,37,0,37,0,4,8
305609,305601,8,0,8,0,4,4
306046,306044,2,0,2,0,1,1
305413,305411,2,0,2,0,1,1
302471,302468,3,3,0,0,0,1
299596,299520,76,0,76,0,10,18
298279,298279,0,0,0,0,0,0
296005,295853,152,0,152,0,11,25
292715,292709,6,0,6,0,3,3
288424,288397,27,0,27,0,7,10
285234,285234,0,0,0,0,0,0
290584,290556,28,3,25,0,8,14
289539,289531,8,8,0,0,0,2
296966,296955,11,3,8,0,4,6
294569,294569,0,0,0,0,0,0
297603,297582,21,20,1,0,1,3
294338,294320,18,0,18,0,3,7
289823,289797,26,0,26,0,5,10
287328,287327,1,0,1,0,1,1
285012,285012,0,0,0,0,0,0
287906,287904,2,0,2,0,2,2
289207,289201,6,0,6,0,2,2
301231,301224,7,0,7,0,3,3
298480,298461,19,19,0,0,0,3
297266,297260,6,3,3,0,2,3
298031,298029,2,0,1,1,2,2
290531,290529,2,0,2,0,2,2
298207,298207,0,0,0,0,0,0
302725,302723,2,0,2,0,2,2
300843,300840,3,0,3,0,2,2
297375,297357,18,0,18,0,7,8
302921,302890,31,0,31,0,11,14
301619,301618,1,0,1,0,1,1
300926,300321,605,0,605,0,17,35
298957,298953,4,0,4,0,3,3
295771,295572,199,5,194,0,14,27
297621,297617,4,0,4,0,2,2
301491,301388,103,0,103,0,12,21
298074,297996,78,0,78,0,12,23
301339,301308,31,14,17,0,7,8
302428,302421,7,0,7,0,3,3
301581,301577,4,0,4,0,3,3
298784,298783,1,0,1,0,1,1
295181,295170,11,0,11,0,2,3
285689,285633,56,0,56,0,12,20
294709,294658,51,0,51,0,6,9
299647,299632,15,0,15,0,4,4
298651,298612,39,0,39,0,8,11
298093,298082,11,0,11,0,6,6
297487,297479,8,0,8,0,4,4
302460,302454,6,0,6,0,3,3
299976,299955,21,0,21,0,2,6
293665,293661,4,0,4,0,1,1
296088,296087,1,0,1,0,1,1
299392,299387,5,3,1,1,2,3
301531,301525,6,4,2,0,1,2
294487,294487,0,0,0,0,0,0
290179,290168,11,3,8,0,4,5
291534,291534,0,0,0,0,0,0
286579,286570,9,0,9,0,5,5
270376,270373,3,0,1,2,2,2
293451,293451,0,0,0,0,0,0
294416,294415,1,0,1,0,1,1
298784,298770,14,0,14,0,4,4
292048,292048,0,0,0,0,0,0
289019,289017,2,0,2,0,2,2
287021,287017,4,0,4,0,3,3
288896,288891,5,3,2,0,2,3
289488,289487,1,0,1,0,1,1
292842,292835,7,0,7,0,5,6
296287,296287,0,0,0,0,0,0
297745,297740,5,0,5,0,2,2
301571,301563,8,0,8,0,2,2
298982,298974,8,0,8,0,5,6
291453,291409,44,0,44,0,6,11
289675,289667,8,6,2,0,1,3
293710,293686,24,0,24,0,8,11
292137,292082,55,0,55,0,8,15
296040,296001,39,0,39,0,7,12
293701,293593,108,0,108,0,10,19
297286,297260,26,2,24,0,5,10
308894,308777,117,0,117,0,9,21
315356,315181,175,0,175,0,15,31
313085,312819,266,0,266,0,12,34
315770,315723,47,0,47,0,12,14
316550,316467,83,0,83,0,11,20
314756,314753,3,0,3,0,2,2
308738,308663,75,0,75,0,9,13
317231,317219,12,0,12,0,5,7
322225,322181,44,0,44,0,8,14
312352,312342,10,8,2,0,2,3
308874,308874,0,0,0,0,0,0
311861,311861,0,0,0,0,0,0
306287,306286,1,0,1,0,1,1
301120,301104,16,0,16,0,4,4
306608,306608,0,0,0,0,0,0
314487,314486,1,0,1,0,1,1
312860,312846,14,0,14,0,5,8
311801,311801,0,0,0,0,0,0
308509,308507,2,0,2,0,1,1
304851,304851,0,0,0,0,0,0
306019,306019,0,0,0,0,0,0
310512,310506,6,0,6,0,1,2
316014,315989,25,0,25,0,4,9
313154,313139,15,0,15,0,3,4
311650,311638,12,0,12,0,6,7
308347,308210,137,0,137,0,11,29
309254,309235,19,0,19,0,6,10
309239,309236,3,0,3,0,3,3
310529,310524,5,0,5,0,2,3
316895,316889,6,0,6,0,3,3
321252,321245,7,0,7,0,3,3
322405,322405,0,0,0,0,0,0
319611,319610,1,0,1,0,1,1
316501,316501,0,0,0,0,0,0
311116,311107,9,9,0,0,0,2
308953,308953,0,0,0,0,0,0
314894,314892,2,0,2,0,2,2
309010,309009,1,0,1,0,1,1
299891,299885,6,6,0,0,0,1
301293,301278,15,0,15,0,3,5
296886,296885,1,0,1,0,1,1
295984,295981,3,0,3,0,1,1
296581,296525,56,0,56,0,6,12
291249,291245,4,0,4,0,3,4
279654,279631,23,0,23,0,5,9
269095,269065,30,0,30,0,8,13
279988,279986,2,0,2,0,2,2
284360,284350,10,0,10,0,3,6
281659,281645,14,0,14,0,5,9
279582,279571,11,10,1,0,1,3
272073,272061,12,0,12,0,6,6
264512,264506,6,1,5,0,1,2
254725,254719,6,0,6,0,3,3
258559,258559,0,0,0,0,0,0
253949,253949,0,0,0,0,0,0
255881,255879,2,2,0,0,0,1
256296,256283,13,6,7,0,2,6
251931,251926,5,0,5,0,1,1
244194,244191,3,0,3,0,2,2
236088,236088,0,0,0,0,0,0
238778,238773,5,0,5,0,3,4
238327,238326,1,0,1,0,1,1
233755,233746,9,0,9,0,5,6
227902,227892,10,0,10,0,4,5
224746,224740,6,0,6,0,2,2
225276,225275,1,0,1,0,1,1
216031,216031,0,0,0,0,0,0
214335,214335,0,0,0,0,0,0
209137,209137,0,0,0,0,0,0
211664,211639,25,2,23,0,7,9
208724,208695,29,0,29,0,8,11
208680,208675,5,0,5,0,1,1
208100,207991,109,20,89,0,13,26
198376,198366,10,6,4,0,2,3
190940,190808,132,0,132,0,14,21
191318,191305,13,0,13,0,3,5
191225,191117,108,0,108,0,13,24
189825,189823,2,0,2,0,2,2
188939,188938,1,0,1,0,1,1
190004,189897,107,0,107,0,15,25
192351,192348,3,0,3,0,2,2
191798,191772,26,0,26,0,4,7
189643,189629,14,2,12,0,4,6
196117,196106,11,0,11,0,5,6
194618,194568,50,0,50,0,9,12
190592,190587,5,0,5,0,4,4
194246,194245,1,0,1,0,1,1
197495,197483,12,0,12,0,1,3
201600,201595,5,0,5,0,2,2
208028,208027,1,0,1,0,1,1
200917,200892,25,0,25,0,5,8
190835,190825,10,10,0,0,0,3
201532,201522,10,0,10,0,3,3
202368,202368,0,0,0,0,0,0
210586,210570,16,0,16,0,4,4
215975,215935,40,0,40,0,10,16
219766,219746,20,0,20,0,5,9
218659,218642,17,0,17,0,2,4
224182,224165,17,0,17,0,4,5
232186,232178,8,0,8,0,4,4
240371,240348,23,0,23,0,10,14
244845,244838,7,0,7,0,3,5
249161,248939,222,0,222,0,16,35
250841,250838,3,0,3,0,3,3
262449,262426,23,0,23,0,8,11
270215,270197,18,0,18,0,3,6
293059,293051,8,7,1,0,1,3
301669,301641,28,0,28,0,4,6
311726,311726,0,0,0,0,0,0
321152,321119,33,0,33,0,5,5
341808,341806,2,0,2,0,1,1
344256,344253,3,0,3,0,2,3
355705,355704,1,0,1,0,1,1
360026,360025,1,0,1,0,1,1
374653,374614,39,0,39,0,4,7
379375,379289,86,0,86,0,10,22
392326,392314,12,0,12,0,5,7
398850,398846,4,0,4,0,4,4
407480,407464,16,0,16,0,5,7
418625,418620,5,0,5,0,3,4
412864,412855,9,7,2,0,1,5
419355,419338,17,0,17,0,5,8
420816,420802,14,0,14,0,5,7
422722,422707,15,14,1,0,1,3
431061,431060,1,0,1,0,1,1
428476,428443,33,0,33,0,5,10
431502,430491,1011,0,1011,0,17,36
443276,443275,1,0,1,0,1,1
447554,447092,462,0,462,0,11,24
875762,869008,6754,0,6754,0,15,28
870874,870732,142,0,142,0,10,16
872067,871040,1027,0,1027,0,15,35
888439,888230,209,0,209,0,12,21
876140,875947,193,0,193,0,9,19
873592,873551,41,0,41,0,2,5
834246,834235,11,0,11,0,5,6
851661,851431,230,0,230,0,13,25
841808,841735,73,0,73,0,4,8
825817,825320,497,1,496,0,15,30
816218,814681,1537,0,1537,0,17,32
809068,809031,37,0,37,0,2,4
795019,794970,49,0,49,0,4,7
775442,774637,805,0,805,0,18,43
745855,745228,627,0,627,0,18,35
734330,734298,32,30,2,0,1,4
722090,721539,551,0,551,0,16,35
715751,715546,205,13,192,0,11,23
699331,699257,74,0,74,0,8,12
683833,683438,395,0,395,0,16,34
666183,665545,638,0,638,0,18,46
648363,648212,151,0,151,0,15,29
644082,643711,371,0,371,0,16,32
617125,617091,34,0,34,0,7,13
609565,609449,116,0,116,0,11,18
