"POSITION","REF_CODON","CODON","REF_AA","AA","FWD_CNT","FWD_DENOM","REV_CNT","REV_DENOM","CNT","DENOM","std.bias","id"
11,"GCA","CAC","A","H",0,259662,21,568882,21,828544,4.62386394728954,292
13,"TTC","GTC","F","V",0,68414,199,573763,199,642177,6.34560628460457,355
26,"GTT","GGT","V","G",0,134283,38,586386,38,720669,4.39168073541414,727
36,"ATT","AGT","I","S",2,211074,74,497760,76,708834,4.7306221514834,1002
48,"GTG","GAG","V","E",0,269516,8,310414,8,579930,4.12826646785019,1354
69,"GAG","GTC","E","V",22,327487,1,240394,23,567881,4.28033471262672,1956
85,"TTT","GTT","F","V",16,334745,0,262325,16,597070,5.18461344060862,2405
93,"TAT","AAT","Y","N",0,320436,10,280106,10,600542,4.80208389344487,2616
135,"ATG","CTG","M","L",55,355330,5,319926,60,675256,4.27170363961014,3879
150,"TTT","TTG","F","L",0,372055,10,326292,10,698347,4.80212528772696,4347
175,"AAT","ACT","N","T",44,337561,4,357488,48,695049,4.40539397527274,5045
222,"GTT","GTA","V","V",0,343128,7,313922,7,657050,4.17187757736517,6406
229,"ATT","ATA","I","I",0,336649,11,314001,11,650650,4.97583760378583,6602
229,"ATT","CTT","I","L",27,336649,1,314001,28,650650,5.1448348276051,6611
233,"AAG","ACG","K","T",24,341112,1,317732,25,658844,4.91689053362834,6716
234,"TTT","TGT","F","C",0,348146,11,317251,11,665397,4.97556252435145,6761
239,"ATT","AGT","I","S",1,359945,70,310582,71,670527,7.13965560669511,6886
245,"ACA","GCA","T","A",11,366448,0,319060,11,685508,4.70227233706011,7071
250,"CTA","CTC","L","L",13,368224,0,312378,13,680602,4.95617767409589,7210
252,"CTA","CGA","L","R",0,369785,12,317688,12,687473,5.13425631289475,7264
260,"ATG","CTG","M","L",45,375695,2,323048,47,698743,5.16383321231109,7497
265,"TTC","GTC","F","V",1,385203,932,312469,933,697672,12.2905190461818,7640
267,"ACA","ACC","T","T",1,378394,20,333226,21,711620,4.70975861769432,7686
285,"ATC","CTC","I","L",51,345779,0,384058,51,729837,7.90278703489435,8220
290,"AAT","CAT","N","H",1283,292047,14,384145,1297,676192,8.89944872940859,8363
329,"AGT","AGA","S","R",0,366714,12,337721,12,704435,5.13490331292928,9482
332,"AAG","CAG","K","Q",0,364079,11,332824,11,696903,4.97559974058183,9572
333,"TTG","TCG","L","S",7,356255,0,340697,7,696952,4.08638502166942,9606
342,"TTT","TGT","F","C",17,329654,0,353645,17,683299,5.78342136007096,9867
345,"AAC","ACC","N","T",238,318174,2,366971,240,685145,8.75582077237047,9935
362,"TTT","TCT","F","S",0,311927,10,343403,10,655330,4.61372118865022,10437
393,"CTA","CGA","L","R",0,375124,14,320011,14,695135,5.41932950058152,11328
396,"CTA","CTC","L","L",34,373421,0,327350,34,700771,6.84861277677357,11415
405,"CTG","CTC","L","L",0,367481,9,354306,9,721787,4.61442308035173,11668
410,"TAC","TCC","Y","S",170,342043,2,366154,172,708197,8.08637066020791,11820
411,"GGT","GGG","G","G",0,347408,9,369598,9,717006,4.4928815757907,11846
429,"GTT","GGT","V","G",0,327012,9,369233,9,696245,4.37477543726532,12367
440,"TCT","TCA","S","S",0,339343,10,357481,10,696824,4.7011316703218,12680
449,"TTA","TAA","L",".",0,366250,7,341320,7,707570,4.1723608105649,12929
476,"GTA","GTC","V","V",35,372802,3,356115,38,728917,4.31626982826951,13705
545,"TAC","TCC","Y","S",14,308979,1,327025,15,636004,4.04554462815204,15682
547,"GCT","GCG","A","A",0,309948,12,322529,12,632477,5.05737386414068,15738
548,"AGC","CGC","S","R",22,307391,0,321029,22,628420,6.27271957120896,15763
554,"TTT","TGT","F","C",0,310308,8,295369,8,605677,4.40557437580458,15945
573,"TAC","TCC","Y","S",30,303242,0,326323,30,629565,6.8688722647972,16487
598,"GGA","CGA","G","R",7,290212,0,296452,7,586664,4.17374926154197,17188
609,"ATT","ATA","I","I",1,303669,18,292881,19,596550,4.51283956050209,17490
611,"AAT","AAC","N","N",0,315486,7,289576,7,605062,4.17195737862177,17541
614,"ATT","ATA","I","I",0,320459,7,289386,7,609845,4.17154501345795,17626
643,"TAC","GAC","Y","D",0,322114,7,312868,7,634982,4.17351556512454,18460
647,"ATA","ATC","I","I",117,302558,0,328136,117,630694,9.54143025577094,18570
661,"CTG","TCA","L","S",0,271016,17,361590,17,632606,5.20984619178306,18984
675,"GTT","GTG","V","V",0,244190,12,333573,12,577763,4.51706972461769,19381
700,"GTT","GAC","V","D",7,260204,0,265703,7,525907,4.17375832486093,20094
704,"AAA","AGA","K","R",9,271908,0,267305,9,539213,4.58167535440769,20196
704,"AAA","GAA","K","E",0,271908,8,267305,8,539213,4.40631403131023,20206
762,"CTA","CGA","L","R",0,535307,9,681955,9,1217262,4.1367072131846,21901
