"POSITION","REF_CODON","CODON","REF_AA","AA","FWD_CNT","FWD_DENOM","REV_CNT","REV_DENOM","CNT","DENOM","std.bias","id"
9,"CTT","CTG","L","L",11,399202,0,344001,11,743203,4.6817138313319,245
13,"TTC","GTC","F","V",0,66368,153,434342,153,500710,6.31933957832442,361
26,"GTT","GGT","V","G",0,132742,47,525294,47,658036,4.99797690553543,737
36,"ATT","AGT","I","S",0,208375,68,494510,68,702885,6.74111239496367,1016
59,"GTT","GGT","V","G",0,309345,11,278446,11,587791,4.97542424802563,1693
85,"TTT","GTT","F","V",22,351073,0,260166,22,611239,5.6754567459863,2439
91,"ATC","CTC","I","L",20,340098,1,268296,21,608394,4.24286880726412,2615
135,"ATG","CTG","M","L",100,375925,9,332032,109,707957,4.38975378859942,3903
150,"TTT","TTG","F","L",0,393101,11,344842,11,737943,4.97514257807817,4368
156,"TAT","TCT","Y","S",23,378905,0,355785,23,734690,6.23253348911317,4535
175,"AAT","ACT","N","T",69,343933,4,375813,73,719746,5.28237718899992,5056
188,"GTA","GAA","V","E",0,318510,8,381551,8,700061,4.05082428600748,5440
207,"AAG","ACG","K","T",17,347346,1,374553,18,721899,4.40500816664294,5977
219,"GAA","GTA","E","V",8,360286,0,337895,8,698181,4.28032090646659,6336
222,"GTT","GTG","V","V",1,378582,59,332587,60,711169,6.80325174155794,6422
229,"ATT","CTT","I","L",29,375629,1,330191,30,705820,5.16408792282766,6627
233,"AAG","ACG","K","T",30,382774,0,333503,30,716277,6.59390223150938,6732
234,"TTT","TGT","F","C",0,391926,17,333606,17,725532,5.78297668557649,6777
238,"TAC","AAC","Y","N",0,396997,7,332956,7,729953,4.16981608856166,6868
239,"ATT","AGT","I","S",0,398239,77,325106,77,723345,8.71352710583063,6901
250,"CTA","CTC","L","L",15,404521,0,332866,15,737387,5.16115821821802,7230
252,"CTA","CGA","L","R",0,403857,16,340023,16,743880,5.66887649215127,7284
260,"ATG","CTG","M","L",23,399993,0,347865,23,747858,6.07929114946443,7517
265,"TTC","GTC","F","V",1,409782,1299,334452,1300,744234,12.9539462895574,7662
267,"ACA","ACC","T","T",1,400759,18,363828,19,764587,4.51166987807779,7707
285,"ATC","CTC","I","L",53,366485,3,415078,56,781563,5.20964659752714,8251
290,"AAT","CAT","N","H",1150,317148,11,412465,1161,729613,9.1270233105163,8405
303,"TAC","TCC","Y","S",14,345517,0,411265,14,756782,5.41923193880748,8793
314,"ATT","TTT","I","F",14,362896,0,353559,14,716455,5.36876835366555,9112
332,"AAG","CAG","K","Q",0,382619,28,364995,28,747614,6.73567302343766,9613
342,"TTT","TGT","F","C",23,354637,0,375317,23,729954,6.35765633898454,9909
345,"AAC","ACC","N","T",288,342315,0,385991,288,728306,11.3328627770462,9977
362,"TTT","TCT","F","S",7,345891,0,359464,7,705355,4.17324418618732,10485
364,"GAG","AAG","E","K",0,355524,8,350090,8,705614,4.40635083179788,10525
370,"TAT","AAT","Y","N",0,379434,7,331057,7,710491,4.17071049094245,10692
393,"CTA","CGA","L","R",0,412643,10,346055,10,758698,4.80158492500485,11366
393,"CTA","CTC","L","L",12,412643,0,346055,12,758698,4.78610089598624,11368
396,"CTA","CGA","L","R",0,410728,7,352992,7,763720,4.17035735204134,11454
396,"CTA","CTC","L","L",38,410728,3,352992,41,763720,4.26565422531809,11456
410,"TAC","TCC","Y","S",259,368974,1,398178,260,767152,9.73511963107977,11861
411,"GGT","GGG","G","G",1,379951,18,403015,19,782966,4.39731301132488,11886
412,"ACC","CCC","T","P",19,371705,0,396748,19,768453,5.99365670379633,11910
429,"GTT","GGT","V","G",0,345926,15,406173,15,752099,5.22933889391385,12403
433,"ATC","CTC","I","L",21,341958,0,407634,21,749592,6.18353728174034,12512
440,"TCT","TCA","S","S",0,357970,10,392963,10,750933,4.61907651219556,12713
461,"CCA","CGA","P","R",0,420876,8,366380,8,787256,4.40376089033531,13298
476,"GTA","GTC","V","V",48,408164,0,375006,48,783170,7.61544703989774,13728
515,"GGT","GGG","G","G",0,364716,12,413492,12,778208,4.88674010103747,14852
545,"TAC","TCC","Y","S",16,336928,0,355334,16,692262,5.66953225865459,15717
547,"GCT","GCG","A","A",0,334202,15,350099,15,684301,5.45687875972389,15770
548,"AGC","CGC","S","R",19,331984,0,348164,19,680148,5.99373514767555,15797
573,"TAC","TCC","Y","S",32,322105,2,352427,34,674532,4.8026693334157,16513
599,"TGT","GGT","C","G",11,328761,0,317149,11,645910,4.90553327650109,17257
604,"ATT","CTT","I","L",9,332347,0,320824,9,653171,4.54530831009042,17399
609,"ATT","ATA","I","I",0,332885,9,315005,9,647890,4.61408461370762,17539
617,"CTA","CTC","L","L",16,353937,0,314815,16,668752,5.43654964003264,17770
619,"CTA","CTC","L","L",18,361448,1,317339,19,678787,4.25681527736935,17825
643,"TAC","GAC","Y","D",0,345342,10,340265,10,685607,4.80378080002647,18498
647,"ATA","AGA","I","R",0,319307,11,355818,11,675125,4.76125509186935,18606
647,"ATA","ATC","I","I",115,319307,1,355818,116,675125,8.1211252342563,18608
673,"AAC","TAC","N","Y",7,248541,0,377643,7,626184,4.16562752402142,19356
683,"CTA","CTC","L","L",15,252119,1,342747,16,594866,4.16729889886621,19632
688,"AGA","TGA","R",".",7,277427,0,318267,7,595694,4.17068061165037,19784
693,"TAC","GAC","Y","D",0,298306,11,291994,11,590300,4.9764435333259,19920
700,"GTT","GTA","V","V",0,362054,7,277393,7,639447,4.16801463729867,20133
759,"TTT","ATT","F","I",1,507434,47,757469,48,1264903,5.55891449722065,21832
