"POSITION","REF_CODON","CODON","REF_AA","AA","FWD_CNT","FWD_DENOM","REV_CNT","REV_DENOM","CNT","DENOM","std.bias","id"
8,"ACG","AAG","T","K",8,115138,0,113554,8,228692,4.37976090822563,138
80,"CAG","CAT","Q","H",19,147620,1,113770,20,261390,4.10117268406736,1518
113,"AAG","TGT","K","C",1,134828,17,132435,18,267263,4.406288768436,1987
175,"AAT","ACT","N","T",8,149274,0,156060,8,305334,4.40568011198347,2835
189,"GAC","GGA","D","G",0,145852,7,152540,7,298392,4.08610191478946,3147
229,"ATT","AAT","I","N",7,146469,0,138965,7,285434,4.07096000557678,3798
286,"CAT","CAG","H","Q",0,157818,8,165235,8,323053,4.31597764064472,4476
290,"AAT","CAT","N","H",156,140774,0,166878,156,307652,10.1125204194909,4517
343,"GAG","TGG","E","W",8,144488,0,159251,8,303739,4.40455692016166,5415
360,"GCC","AAG","A","K",7,137432,0,151505,7,288937,4.17165989139976,5699
361,"AAT","CAT","N","H",7,135050,0,145338,7,280388,4.17228246212781,5738
406,"GAG","TGG","E","W",8,162277,0,160039,8,322316,4.37952664419527,6512
410,"TAC","TCC","Y","S",7,159164,0,165844,7,325008,4.17316757639456,6570
456,"TAT","TGT","Y","C",10,180239,0,149876,10,330115,4.43888005053541,7241
471,"AGG","GTC","R","V",10,170859,0,163751,10,334610,4.71965101354174,7415
529,"ATA","GTG","I","V",0,137159,9,159488,9,296647,4.31700731653103,8193
