"POSITION","REF_CODON","CODON","REF_AA","AA","FWD_CNT","FWD_DENOM","REV_CNT","REV_DENOM","CNT","DENOM","std.bias","id"
3,"CAT","CAG","H","Q",0,192702,75,152358,75,345060,8.66157479626516,24
13,"TTC","GTC","F","V",0,32986,304,244512,304,277498,7.43730378648461,120
24,"ATT","ATG","I","M",0,54009,64,210840,64,264849,5.6292788567591,232
26,"GTT","GGT","V","G",0,56166,30,206827,30,262993,4.27498539257418,250
36,"ATT","AGT","I","S",1,74139,49,139764,50,213903,5.17615051302288,341
45,"AGT","AGA","S","R",0,88995,12,96986,12,185981,4.96495231605485,425
53,"AAA","TAA","K",".",10,90672,0,68522,10,159194,4.25035752944955,507
85,"TTT","GTT","F","V",11,79020,0,68125,11,147145,4.68252817849944,790
101,"GGT","CGT","G","R",333,75118,27,74714,360,149832,4.96237759931924,935
121,"CAA","CAC","Q","H",43,71337,0,65039,43,136376,7.38542236938881,1116
135,"ATG","CTG","M","L",22,76688,1,64138,23,140826,4.53837753360362,1242
142,"ACG","CCG","T","P",8,79409,0,65494,8,144903,4.02756154746376,1305
156,"TAT","TCT","Y","S",12,72391,0,72347,12,144738,5.13461661191615,1433
183,"GAT","GGT","D","G",7,65357,0,74178,7,139535,4.17094040669104,1663
187,"CTA","CTC","L","L",20,61933,1,73500,21,135433,4.7091670185541,1695
205,"AAT","ACT","N","T",20,63598,1,71184,21,134782,4.70995996250757,1855
219,"GAA","GAC","E","D",26,64256,1,63536,27,127792,5.189238351527,1976
239,"ATT","AGT","I","S",1,69968,17,60076,18,130044,4.40350398262354,2148
250,"CTA","CTC","L","L",8,72467,0,60661,8,133128,4.05676636098392,2251
260,"ATG","CTG","M","L",23,73147,0,63536,23,136683,6.07688087540437,2341
265,"TTC","GTC","F","V",1,74737,367,61153,368,135890,10.4298910564853,2381
285,"ATC","CTC","I","L",14,64841,0,74693,14,139534,5.4194423944232,2559
290,"AAT","CAT","N","H",529,52471,0,73925,529,126396,12.5457557705098,2605
336,"AGT","CGT","S","R",7,67770,0,66093,7,133863,4.12523016296822,3004
345,"AAC","ACC","N","T",127,61143,2,67470,129,128613,7.50728530338269,3076
396,"CTA","CTC","L","L",28,69311,1,62011,29,131322,5.13214614918845,3514
398,"ATC","CTC","I","L",10,70256,0,63483,10,133739,4.60367347285094,3532
410,"TAC","TCC","Y","S",73,65734,0,67479,73,133213,8.60830300721247,3638
412,"ACC","GCC","T","A",7,66494,0,66587,7,133081,4.17433693215249,3657
423,"AGT","AGC","S","S",0,64177,7,68445,7,132622,4.04776645329789,3744
476,"GTA","GTC","V","V",19,70173,1,67346,20,137519,4.5344430439116,4201
515,"GGT","GGG","G","G",0,69135,8,70665,8,139800,4.363417999864,4526
517,"GCT","ACT","A","T",0,67567,14,69719,14,137286,5.35875013269524,4538
529,"ATA","AGA","I","R",0,64382,7,68865,7,133247,4.04205234914189,4641
545,"TAC","TCC","Y","S",7,61456,0,66724,7,128180,4.17204921895604,4777
545,"TAC","TTC","Y","F",7,61456,0,66724,7,128180,4.17204921895604,4779
547,"GCT","GCG","A","A",0,61027,8,66077,8,127104,4.25035315850616,4793
548,"AGC","CGC","S","R",16,60034,1,65941,17,125975,4.29153325866687,4803
552,"GTC","GCC","V","A",0,59406,7,61841,7,121247,4.09557744664627,4836
563,"AAG","ATG","K","M",0,72856,7,70389,7,143245,4.17336339190836,4933
609,"ATT","ATA","I","I",0,78640,9,79977,9,158617,4.58201002258437,5338
617,"CTA","CTC","L","L",9,86491,0,80683,9,167174,4.47753174820036,5416
639,"GTG","GTT","V","V",8,102398,0,90591,8,192989,4.16503649440614,5629
643,"TAC","GAC","Y","D",0,96931,7,92096,7,189027,4.1728850411604,5663
647,"ATA","AGA","I","R",0,90519,9,96222,9,186741,4.4928349996953,5698
647,"ATA","ATC","I","I",66,90519,2,96222,68,186741,6.21393091401281,5700
658,"GGT","AGT","G","S",0,86789,8,102933,8,189722,4.07054105528132,5796
683,"CTA","CTC","L","L",16,93332,0,116760,16,210092,5.66863495027934,6032
693,"TAC","AAC","Y","N",0,92704,14,104982,14,197686,5.1734971885931,6122
728,"CTA","CTC","L","L",23,285880,0,97691,23,383571,4.22332505735899,6460
760,"TCA","TTT","S","F",18,298450,0,275800,18,574250,5.73454379087009,6786
