"POSITION","REF_CODON","CODON","REF_AA","AA","FWD_CNT","FWD_DENOM","REV_CNT","REV_DENOM","CNT","DENOM","std.bias","id"
13,"TTC","GTC","F","V",0,18286,174,140150,174,158436,6.26074759514176,107
24,"ATT","ATG","I","M",0,33202,38,134124,38,167326,4.54614584415353,212
36,"ATT","AGT","I","S",0,53767,15,100040,15,153807,4.31688900006369,320
85,"TTT","GTT","F","V",9,73639,0,63581,9,137220,4.32493985466646,753
91,"ATC","CTC","I","L",9,70883,0,64555,9,135438,4.43080246852933,815
117,"CCT","CCG","P","P",0,76141,7,70748,7,146889,4.17227291844906,1041
121,"CAA","CAC","Q","H",31,76335,1,72935,32,149270,5.45899891452922,1074
135,"ATG","CTG","M","L",30,81824,0,71307,30,153131,6.59502586749898,1205
156,"TAT","TCT","Y","S",8,81512,0,79350,8,160862,4.35394779947125,1384
175,"AAT","ACT","N","T",27,75636,0,82405,27,158041,6.66548214895891,1552
187,"CTA","CTC","L","L",25,70531,1,80638,26,151169,5.134411216196,1665
205,"AAT","ACT","N","T",18,73235,0,78963,18,152198,5.89125594028992,1825
208,"TTC","GTC","F","V",0,74726,8,78234,8,152960,4.31651796836526,1850
219,"GAA","GAC","E","D",18,75019,0,70577,18,145596,5.77044341917906,1943
229,"ATT","CTT","I","L",10,76242,0,71314,10,147556,4.67173814682983,2042
233,"AAG","ACG","K","T",9,77137,0,72711,9,149848,4.49858584570336,2071
234,"TTT","TGT","F","C",0,79062,8,72819,8,151881,4.40486668635827,2077
250,"CTA","CTC","L","L",9,83825,0,72830,9,156655,4.33727360953552,2218
257,"ACC","AAC","T","N",8,88441,0,75195,8,163636,4.08675729452858,2279
258,"AAG","ACG","K","T",563,82807,1,74556,564,157363,11.0877637846224,2291
260,"ATG","CTG","M","L",18,87252,1,74969,19,162221,4.21401250995127,2312
265,"TTC","GTC","F","V",2,89175,376,71810,378,160985,9.66730642841515,2352
285,"ATC","CTC","I","L",25,76610,1,88669,26,165279,5.13430374888646,2536
290,"AAT","CAT","N","H",511,62173,0,89173,511,151346,12.4766510738688,2582
303,"TAC","TCC","Y","S",9,72157,0,88599,9,160756,4.61177970573439,2696
308,"CAA","CAC","Q","H",10,73999,0,81553,10,155552,4.80257227696714,2738
329,"AGT","AAT","S","N",0,82155,7,73729,7,155884,4.17138386894954,2934
332,"AAG","CAG","K","Q",0,81086,9,72778,9,153864,4.61319202409873,2966
345,"AAC","ACC","N","T",98,69386,0,81136,98,150522,9.19031410192688,3074
374,"GTC","TTC","V","F",0,79386,7,70523,7,149909,4.17113243985119,3326
389,"TAC","GAC","Y","D",0,87152,7,72355,7,159507,4.16959626925687,3454
410,"TAC","TCC","Y","S",129,76295,0,83671,129,159966,9.73511792567369,3654
412,"ACC","CCC","T","P",9,77817,0,82956,9,160773,4.61392733653027,3672
445,"GAC","GGC","D","G",11,80719,0,79469,11,160188,4.9460982947548,3958
500,"GGT","GAT","G","D",0,75129,7,79126,7,154255,4.07260155463872,4445
538,"ATA","ATT","I","I",7,68790,0,76405,7,145195,4.17147687040226,4784
538,"ATA","CTA","I","L",2,68790,28,76405,30,145195,4.34110959100673,4785
545,"TAC","TCC","Y","S",10,67599,0,73341,10,140940,4.8027830617045,4845
548,"AGC","CGC","S","R",16,67280,0,71728,16,139008,5.66946492932001,4872
573,"TAC","TCC","Y","S",12,65863,0,71752,12,137615,5.13487157973923,5091
595,"ATG","CTG","M","L",11,63283,0,66558,11,129841,4.97607220739892,5281
609,"ATT","ATA","I","I",0,65404,7,64608,7,130012,4.17401256389696,5394
647,"ATA","ATC","I","I",42,70196,0,72312,42,142508,7.52290886354023,5711
683,"CTA","CCA","L","P",0,56562,10,71116,10,127678,4.35073722391144,6024
